  -1.2000000e+03   0.0000000e+00   0.0000000e+00
  -1.1990000e+03   0.0000000e+00   0.0000000e+00
  -1.1980000e+03   0.0000000e+00   0.0000000e+00
  -1.1970000e+03   0.0000000e+00   0.0000000e+00
  -1.1960000e+03   0.0000000e+00   0.0000000e+00
  -1.1950000e+03   0.0000000e+00   0.0000000e+00
  -1.1940000e+03   0.0000000e+00   0.0000000e+00
  -1.1930000e+03   0.0000000e+00   0.0000000e+00
  -1.1920000e+03   0.0000000e+00   0.0000000e+00
  -1.1910000e+03   0.0000000e+00   0.0000000e+00
  -1.1900000e+03   0.0000000e+00   0.0000000e+00
  -1.1890000e+03   0.0000000e+00   0.0000000e+00
  -1.1880000e+03   0.0000000e+00   0.0000000e+00
  -1.1870000e+03   0.0000000e+00   0.0000000e+00
  -1.1860000e+03   0.0000000e+00   0.0000000e+00
  -1.1850000e+03   0.0000000e+00   0.0000000e+00
  -1.1840000e+03   0.0000000e+00   0.0000000e+00
  -1.1830000e+03   0.0000000e+00   0.0000000e+00
  -1.1820000e+03   0.0000000e+00   0.0000000e+00
  -1.1810000e+03   0.0000000e+00   0.0000000e+00
  -1.1800000e+03   0.0000000e+00   0.0000000e+00
  -1.1790000e+03   0.0000000e+00   0.0000000e+00
  -1.1780000e+03   0.0000000e+00   0.0000000e+00
  -1.1770000e+03   0.0000000e+00   0.0000000e+00
  -1.1760000e+03   0.0000000e+00   0.0000000e+00
  -1.1750000e+03   0.0000000e+00   0.0000000e+00
  -1.1740000e+03   0.0000000e+00   0.0000000e+00
  -1.1730000e+03   0.0000000e+00   0.0000000e+00
  -1.1720000e+03   0.0000000e+00   0.0000000e+00
  -1.1710000e+03   0.0000000e+00   0.0000000e+00
  -1.1700000e+03   0.0000000e+00   0.0000000e+00
  -1.1690000e+03   0.0000000e+00   0.0000000e+00
  -1.1680000e+03   0.0000000e+00   0.0000000e+00
  -1.1670000e+03   0.0000000e+00   0.0000000e+00
  -1.1660000e+03   0.0000000e+00   0.0000000e+00
  -1.1650000e+03   0.0000000e+00   0.0000000e+00
  -1.1640000e+03   0.0000000e+00   0.0000000e+00
  -1.1630000e+03   0.0000000e+00   0.0000000e+00
  -1.1620000e+03   0.0000000e+00   0.0000000e+00
  -1.1610000e+03   0.0000000e+00   0.0000000e+00
  -1.1600000e+03   0.0000000e+00   0.0000000e+00
  -1.1590000e+03   0.0000000e+00   0.0000000e+00
  -1.1580000e+03   0.0000000e+00   0.0000000e+00
  -1.1570000e+03   0.0000000e+00   0.0000000e+00
  -1.1560000e+03   0.0000000e+00   0.0000000e+00
  -1.1550000e+03   0.0000000e+00   0.0000000e+00
  -1.1540000e+03   0.0000000e+00   0.0000000e+00
  -1.1530000e+03   0.0000000e+00   0.0000000e+00
  -1.1520000e+03   0.0000000e+00   0.0000000e+00
  -1.1510000e+03   0.0000000e+00   0.0000000e+00
  -1.1500000e+03   0.0000000e+00   0.0000000e+00
  -1.1490000e+03   0.0000000e+00   0.0000000e+00
  -1.1480000e+03   0.0000000e+00   0.0000000e+00
  -1.1470000e+03   0.0000000e+00   0.0000000e+00
  -1.1460000e+03   0.0000000e+00   0.0000000e+00
  -1.1450000e+03   0.0000000e+00   0.0000000e+00
  -1.1440000e+03   0.0000000e+00   0.0000000e+00
  -1.1430000e+03   0.0000000e+00   0.0000000e+00
  -1.1420000e+03   0.0000000e+00   0.0000000e+00
  -1.1410000e+03   0.0000000e+00   0.0000000e+00
  -1.1400000e+03   0.0000000e+00   0.0000000e+00
  -1.1390000e+03   0.0000000e+00   0.0000000e+00
  -1.1380000e+03   0.0000000e+00   0.0000000e+00
  -1.1370000e+03   0.0000000e+00   0.0000000e+00
  -1.1360000e+03   0.0000000e+00   0.0000000e+00
  -1.1350000e+03   0.0000000e+00   0.0000000e+00
  -1.1340000e+03   0.0000000e+00   0.0000000e+00
  -1.1330000e+03   0.0000000e+00   0.0000000e+00
  -1.1320000e+03   0.0000000e+00   0.0000000e+00
  -1.1310000e+03   0.0000000e+00   0.0000000e+00
  -1.1300000e+03   0.0000000e+00   0.0000000e+00
  -1.1290000e+03   0.0000000e+00   0.0000000e+00
  -1.1280000e+03   0.0000000e+00   0.0000000e+00
  -1.1270000e+03   0.0000000e+00   0.0000000e+00
  -1.1260000e+03   0.0000000e+00   0.0000000e+00
  -1.1250000e+03   0.0000000e+00   0.0000000e+00
  -1.1240000e+03   0.0000000e+00   0.0000000e+00
  -1.1230000e+03   0.0000000e+00   0.0000000e+00
  -1.1220000e+03   0.0000000e+00   0.0000000e+00
  -1.1210000e+03   0.0000000e+00   0.0000000e+00
  -1.1200000e+03   0.0000000e+00   0.0000000e+00
  -1.1190000e+03   0.0000000e+00   0.0000000e+00
  -1.1180000e+03   0.0000000e+00   0.0000000e+00
  -1.1170000e+03   0.0000000e+00   0.0000000e+00
  -1.1160000e+03   0.0000000e+00   0.0000000e+00
  -1.1150000e+03   0.0000000e+00   0.0000000e+00
  -1.1140000e+03   0.0000000e+00   0.0000000e+00
  -1.1130000e+03   0.0000000e+00   0.0000000e+00
  -1.1120000e+03   0.0000000e+00   0.0000000e+00
  -1.1110000e+03   0.0000000e+00   0.0000000e+00
  -1.1100000e+03   0.0000000e+00   0.0000000e+00
  -1.1090000e+03   0.0000000e+00   0.0000000e+00
  -1.1080000e+03   0.0000000e+00   0.0000000e+00
  -1.1070000e+03   0.0000000e+00   0.0000000e+00
  -1.1060000e+03   0.0000000e+00   0.0000000e+00
  -1.1050000e+03   0.0000000e+00   0.0000000e+00
  -1.1040000e+03   0.0000000e+00   0.0000000e+00
  -1.1030000e+03   0.0000000e+00   0.0000000e+00
  -1.1020000e+03   0.0000000e+00   0.0000000e+00
  -1.1010000e+03   0.0000000e+00   0.0000000e+00
  -1.1000000e+03   8.3535806e-01   1.1911217e-01
  -1.0990000e+03   8.3462011e-01   1.1949017e-01
  -1.0980000e+03   8.3448288e-01   1.1929185e-01
  -1.0970000e+03   8.3311173e-01   1.1897981e-01
  -1.0960000e+03   8.2927469e-01   1.2098701e-01
  -1.0950000e+03   8.3165163e-01   1.1974445e-01
  -1.0940000e+03   8.3075684e-01   1.2003374e-01
  -1.0930000e+03   8.3146634e-01   1.2155707e-01
  -1.0920000e+03   8.2938480e-01   1.2478355e-01
  -1.0910000e+03   8.3119364e-01   1.2473757e-01
  -1.0900000e+03   8.3072196e-01   1.2670373e-01
  -1.0890000e+03   8.3153181e-01   1.2830328e-01
  -1.0880000e+03   8.2837171e-01   1.3320758e-01
  -1.0870000e+03   8.2319172e-01   1.3366084e-01
  -1.0860000e+03   8.1904532e-01   1.3561077e-01
  -1.0850000e+03   8.1585549e-01   1.3531321e-01
  -1.0840000e+03   8.1289661e-01   1.4422200e-01
  -1.0830000e+03   8.2128838e-01   1.2542963e-01
  -1.0820000e+03   8.2271982e-01   1.2652115e-01
  -1.0810000e+03   8.2268398e-01   1.2581364e-01
  -1.0800000e+03   8.1839107e-01   1.2758551e-01
  -1.0790000e+03   8.1715080e-01   1.2875583e-01
  -1.0780000e+03   8.1839589e-01   1.3122698e-01
  -1.0770000e+03   8.1986316e-01   1.3029081e-01
  -1.0760000e+03   8.1803462e-01   1.3132042e-01
  -1.0750000e+03   8.2512630e-01   1.2149219e-01
  -1.0740000e+03   8.2429265e-01   1.2122838e-01
  -1.0730000e+03   8.1723125e-01   1.2826590e-01
  -1.0720000e+03   8.1454576e-01   1.3997379e-01
  -1.0710000e+03   8.2359794e-01   1.1877164e-01
  -1.0700000e+03   8.2323915e-01   1.2034623e-01
  -1.0690000e+03   8.2707282e-01   1.1820649e-01
  -1.0680000e+03   8.2794933e-01   1.1991674e-01
  -1.0670000e+03   8.3469126e-01   1.1592796e-01
  -1.0660000e+03   8.3885235e-01   1.1491517e-01
  -1.0650000e+03   8.3750774e-01   1.1712429e-01
  -1.0640000e+03   8.3948280e-01   1.1443750e-01
  -1.0630000e+03   8.3271815e-01   1.1820458e-01
  -1.0620000e+03   8.3005480e-01   1.1668897e-01
  -1.0610000e+03   8.3059994e-01   1.1702122e-01
  -1.0600000e+03   8.3493000e-01   1.1709342e-01
  -1.0590000e+03   8.3851343e-01   1.1288302e-01
  -1.0580000e+03   8.3942727e-01   1.1410108e-01
  -1.0570000e+03   8.4072979e-01   1.1789325e-01
  -1.0560000e+03   8.4077553e-01   1.1811121e-01
  -1.0550000e+03   8.3879574e-01   1.1775595e-01
  -1.0540000e+03   8.3632092e-01   1.1759941e-01
  -1.0530000e+03   8.3101652e-01   1.1972212e-01
  -1.0520000e+03   8.2737860e-01   1.2025551e-01
  -1.0510000e+03   8.2077091e-01   1.2603755e-01
  -1.0500000e+03   8.1929819e-01   1.3087063e-01
  -1.0490000e+03   8.1495069e-01   1.3212307e-01
  -1.0480000e+03   8.1171362e-01   1.3501370e-01
  -1.0470000e+03   8.1602278e-01   1.3063916e-01
  -1.0460000e+03   8.2151984e-01   1.2831565e-01
  -1.0450000e+03   8.2575930e-01   1.2406255e-01
  -1.0440000e+03   8.3073956e-01   1.2036180e-01
  -1.0430000e+03   8.3380110e-01   1.1696706e-01
  -1.0420000e+03   8.3486664e-01   1.1708252e-01
  -1.0410000e+03   8.3692988e-01   1.1343839e-01
  -1.0400000e+03   8.4032817e-01   1.1281515e-01
  -1.0390000e+03   8.4097546e-01   1.1421266e-01
  -1.0380000e+03   8.4373816e-01   1.1154789e-01
  -1.0370000e+03   8.4316491e-01   1.1045849e-01
  -1.0360000e+03   8.4045750e-01   1.1266041e-01
  -1.0350000e+03   8.4227995e-01   1.0994419e-01
  -1.0340000e+03   8.4353210e-01   1.1351735e-01
  -1.0330000e+03   8.4442424e-01   1.1102891e-01
  -1.0320000e+03   8.4464368e-01   1.0763587e-01
  -1.0310000e+03   8.4272666e-01   1.1010497e-01
  -1.0300000e+03   8.4221032e-01   1.0693072e-01
  -1.0290000e+03   8.3897427e-01   1.0222348e-01
  -1.0280000e+03   8.3898466e-01   1.0177495e-01
  -1.0270000e+03   8.3932717e-01   9.7663445e-02
  -1.0260000e+03   8.3608903e-01   9.8925608e-02
  -1.0250000e+03   8.3059085e-01   1.0199303e-01
  -1.0240000e+03   8.3134445e-01   1.0166462e-01
  -1.0230000e+03   8.2963639e-01   1.0360467e-01
  -1.0220000e+03   8.3393431e-01   1.0372977e-01
  -1.0210000e+03   8.3395377e-01   1.0573615e-01
  -1.0200000e+03   8.3260434e-01   1.0495216e-01
  -1.0190000e+03   8.3211541e-01   1.0759602e-01
  -1.0180000e+03   8.3575184e-01   1.0572410e-01
  -1.0170000e+03   8.3429981e-01   1.0501997e-01
  -1.0160000e+03   8.3566451e-01   1.0268462e-01
  -1.0150000e+03   8.3678761e-01   1.0170494e-01
  -1.0140000e+03   8.3716597e-01   1.0022187e-01
  -1.0130000e+03   8.3679143e-01   9.9406775e-02
  -1.0120000e+03   8.3518447e-01   9.9169628e-02
  -1.0110000e+03   8.3448934e-01   1.0321892e-01
  -1.0100000e+03   8.3464033e-01   1.0637750e-01
  -1.0090000e+03   8.3700567e-01   1.0513973e-01
  -1.0080000e+03   8.3691722e-01   1.0492713e-01
  -1.0070000e+03   8.3407101e-01   1.0412805e-01
  -1.0060000e+03   8.3463532e-01   9.4118257e-02
  -1.0050000e+03   8.3730701e-01   7.8843797e-02
  -1.0040000e+03   8.3491015e-01   7.8786856e-02
  -1.0030000e+03   8.3856828e-01   7.7864967e-02
  -1.0020000e+03   8.3732293e-01   7.8548399e-02
  -1.0010000e+03   8.3908693e-01   7.8658654e-02
  -1.0000000e+03   8.3931309e-01   8.0058409e-02
  -9.9900000e+02   8.3910761e-01   8.0547073e-02
  -9.9800000e+02   8.3865379e-01   8.2189662e-02
  -9.9700000e+02   8.3788808e-01   8.3811642e-02
  -9.9600000e+02   8.3514737e-01   8.9231927e-02
  -9.9500000e+02   8.3337170e-01   9.3593085e-02
  -9.9400000e+02   8.3825439e-01   9.5121857e-02
  -9.9300000e+02   8.4095223e-01   9.3864285e-02
  -9.9200000e+02   8.4361404e-01   9.2305280e-02
  -9.9100000e+02   8.4328978e-01   9.3998853e-02
  -9.9000000e+02   8.4467729e-01   9.2010826e-02
  -9.8900000e+02   8.4415718e-01   9.1592604e-02
  -9.8800000e+02   8.4288618e-01   9.5354397e-02
  -9.8700000e+02   8.4163636e-01   9.1796997e-02
  -9.8600000e+02   8.4004351e-01   9.0610765e-02
  -9.8500000e+02   8.3885723e-01   9.2542607e-02
  -9.8400000e+02   8.3596522e-01   8.9437090e-02
  -9.8300000e+02   8.3750917e-01   8.3398129e-02
  -9.8200000e+02   8.4177528e-01   8.1014897e-02
  -9.8100000e+02   8.4795117e-01   7.9796317e-02
  -9.8000000e+02   8.4646897e-01   8.3438612e-02
  -9.7900000e+02   8.5565935e-01   7.9127602e-02
  -9.7800000e+02   8.5917749e-01   7.9106419e-02
  -9.7700000e+02   8.5796235e-01   8.0821811e-02
  -9.7600000e+02   8.5587807e-01   7.8112780e-02
  -9.7500000e+02   8.5717443e-01   8.0377693e-02
  -9.7400000e+02   8.5589352e-01   8.1267557e-02
  -9.7300000e+02   8.5216601e-01   8.7654707e-02
  -9.7200000e+02   8.5417375e-01   8.6600932e-02
  -9.7100000e+02   8.5965423e-01   8.0760043e-02
  -9.7000000e+02   8.5943268e-01   7.6686842e-02
  -9.6900000e+02   8.6360056e-01   7.5879752e-02
  -9.6800000e+02   8.6570911e-01   7.6558114e-02
  -9.6700000e+02   8.6688382e-01   7.6141331e-02
  -9.6600000e+02   8.6744610e-01   7.5398123e-02
  -9.6500000e+02   8.6706392e-01   7.4003730e-02
  -9.6400000e+02   8.6708640e-01   7.3608968e-02
  -9.6300000e+02   8.6573804e-01   7.5005962e-02
  -9.6200000e+02   8.6443141e-01   7.2673427e-02
  -9.6100000e+02   8.6423898e-01   7.0728967e-02
  -9.6000000e+02   8.6362868e-01   7.0118236e-02
  -9.5900000e+02   8.6277995e-01   7.0450447e-02
  -9.5800000e+02   8.6366178e-01   7.1833604e-02
  -9.5700000e+02   8.6427965e-01   7.3575327e-02
  -9.5600000e+02   8.6471742e-01   7.5713640e-02
  -9.5500000e+02   8.6620291e-01   7.6168172e-02
  -9.5400000e+02   8.6548650e-01   7.9498780e-02
  -9.5300000e+02   8.6596332e-01   7.8499208e-02
  -9.5200000e+02   8.6613450e-01   7.9674054e-02
  -9.5100000e+02   8.6662542e-01   7.7611690e-02
  -9.5000000e+02   8.6578505e-01   7.8072248e-02
  -9.4900000e+02   8.6098211e-01   7.6457189e-02
  -9.4800000e+02   8.6221500e-01   7.1287224e-02
  -9.4700000e+02   8.5873392e-01   7.2034079e-02
  -9.4600000e+02   8.6202434e-01   6.8304720e-02
  -9.4500000e+02   8.6183996e-01   6.4711548e-02
  -9.4400000e+02   8.6171445e-01   6.6502717e-02
  -9.4300000e+02   8.6323769e-01   6.8354400e-02
  -9.4200000e+02   8.6397994e-01   7.1040375e-02
  -9.4100000e+02   8.5992061e-01   6.9041571e-02
  -9.4000000e+02   8.5741270e-01   6.9857941e-02
  -9.3900000e+02   8.5950739e-01   6.8923332e-02
  -9.3800000e+02   8.5908171e-01   6.8728765e-02
  -9.3700000e+02   8.5791973e-01   7.1350910e-02
  -9.3600000e+02   8.5562039e-01   7.0807714e-02
  -9.3500000e+02   8.5233433e-01   7.0201683e-02
  -9.3400000e+02   8.5582285e-01   7.0016176e-02
  -9.3300000e+02   8.6094208e-01   6.8449943e-02
  -9.3200000e+02   8.6463691e-01   7.0339095e-02
  -9.3100000e+02   8.6667889e-01   7.0270727e-02
  -9.3000000e+02   8.6727208e-01   7.1212777e-02
  -9.2900000e+02   8.6714568e-01   7.0963051e-02
  -9.2800000e+02   8.6265342e-01   7.4591208e-02
  -9.2700000e+02   8.6389241e-01   7.4194549e-02
  -9.2600000e+02   8.6022953e-01   7.5259560e-02
  -9.2500000e+02   8.5936242e-01   7.6300866e-02
  -9.2400000e+02   8.5998930e-01   7.4537225e-02
  -9.2300000e+02   8.5699629e-01   7.5671477e-02
  -9.2200000e+02   8.5816527e-01   7.3934318e-02
  -9.2100000e+02   8.5614166e-01   7.6793752e-02
  -9.2000000e+02   8.5623522e-01   7.6426308e-02
  -9.1900000e+02   8.5846346e-01   8.1442123e-02
  -9.1800000e+02   8.6011373e-01   8.1744504e-02
  -9.1700000e+02   8.5769943e-01   8.8512270e-02
  -9.1600000e+02   8.5674364e-01   9.5482675e-02
  -9.1500000e+02   8.5549459e-01   9.8664876e-02
  -9.1400000e+02   8.5380826e-01   1.0126235e-01
  -9.1300000e+02   8.5456664e-01   9.6574425e-02
  -9.1200000e+02   8.4999335e-01   9.6571158e-02
  -9.1100000e+02   8.5049063e-01   9.5739301e-02
  -9.1000000e+02   8.5190398e-01   9.3645123e-02
  -9.0900000e+02   8.5390007e-01   9.4885256e-02
  -9.0800000e+02   8.5662187e-01   9.8209384e-02
  -9.0700000e+02   8.5913969e-01   9.6291142e-02
  -9.0600000e+02   8.5670856e-01   9.5715156e-02
  -9.0500000e+02   8.5104551e-01   9.6523227e-02
  -9.0400000e+02   8.5212819e-01   9.5792212e-02
  -9.0300000e+02   8.5269647e-01   9.7477359e-02
  -9.0200000e+02   8.5695836e-01   9.3568942e-02
  -9.0100000e+02   8.5886010e-01   9.5510779e-02
  -9.0000000e+02   8.6044398e-01   9.3979804e-02
  -8.9900000e+02   8.6170130e-01   9.3217416e-02
  -8.9800000e+02   8.6208067e-01   9.2519807e-02
  -8.9700000e+02   8.6514237e-01   9.0828510e-02
  -8.9600000e+02   8.6804216e-01   8.9469793e-02
  -8.9500000e+02   8.7007756e-01   8.6202826e-02
  -8.9400000e+02   8.7076180e-01   8.6082139e-02
  -8.9300000e+02   8.7279778e-01   8.7925516e-02
  -8.9200000e+02   8.7393793e-01   8.6371276e-02
  -8.9100000e+02   8.7495899e-01   8.6012106e-02
  -8.9000000e+02   8.7424425e-01   8.9020414e-02
  -8.8900000e+02   8.7529341e-01   9.0290487e-02
  -8.8800000e+02   8.7408789e-01   9.2277901e-02
  -8.8700000e+02   8.7214400e-01   9.0451354e-02
  -8.8600000e+02   8.7184335e-01   8.8370433e-02
  -8.8500000e+02   8.7240035e-01   8.6345432e-02
  -8.8400000e+02   8.6752908e-01   8.8454486e-02
  -8.8300000e+02   8.6657693e-01   8.9632159e-02
  -8.8200000e+02   8.6167483e-01   9.1472843e-02
  -8.8100000e+02   8.6111543e-01   8.7221814e-02
  -8.8000000e+02   8.6227741e-01   8.5460014e-02
  -8.7900000e+02   8.5960893e-01   8.8095606e-02
  -8.7800000e+02   8.6119278e-01   8.7661528e-02
  -8.7700000e+02   8.6030429e-01   8.9386908e-02
  -8.7600000e+02   8.5808381e-01   8.7661436e-02
  -8.7500000e+02   8.5827693e-01   8.3552240e-02
  -8.7400000e+02   8.5587104e-01   8.2326911e-02
  -8.7300000e+02   8.5528348e-01   8.0592575e-02
  -8.7200000e+02   8.5100919e-01   8.1233386e-02
  -8.7100000e+02   8.5054642e-01   7.9036402e-02
  -8.7000000e+02   8.4553847e-01   8.1844231e-02
  -8.6900000e+02   8.4988569e-01   8.5029134e-02
  -8.6800000e+02   8.5333387e-01   8.2278307e-02
  -8.6700000e+02   8.5310217e-01   8.4980868e-02
  -8.6600000e+02   8.5700473e-01   8.8232424e-02
  -8.6500000e+02   8.5975072e-01   8.8897369e-02
  -8.6400000e+02   8.6063284e-01   8.8141661e-02
  -8.6300000e+02   8.5901056e-01   8.8143833e-02
  -8.6200000e+02   8.5730520e-01   8.6279351e-02
  -8.6100000e+02   8.5896183e-01   8.7530590e-02
  -8.6000000e+02   8.5852374e-01   8.5883906e-02
  -8.5900000e+02   8.5840354e-01   8.4769092e-02
  -8.5800000e+02   8.5748139e-01   8.6166149e-02
  -8.5700000e+02   8.5837340e-01   8.3894267e-02
  -8.5600000e+02   8.5661976e-01   8.6319824e-02
  -8.5500000e+02   8.5583547e-01   8.5252029e-02
  -8.5400000e+02   8.5566876e-01   8.8578048e-02
  -8.5300000e+02   8.5483307e-01   9.3160942e-02
  -8.5200000e+02   8.5737722e-01   9.5403433e-02
  -8.5100000e+02   8.5550450e-01   9.9275933e-02
  -8.5000000e+02   8.5370204e-01   1.0402221e-01
  -8.4900000e+02   8.5622608e-01   1.0128800e-01
  -8.4800000e+02   8.5722678e-01   1.0023503e-01
  -8.4700000e+02   8.5279958e-01   1.0561964e-01
  -8.4600000e+02   8.5456026e-01   1.0378791e-01
  -8.4500000e+02   8.5536039e-01   1.0542820e-01
  -8.4400000e+02   8.5542927e-01   1.0385067e-01
  -8.4300000e+02   8.5826943e-01   1.0056679e-01
  -8.4200000e+02   8.5826436e-01   1.0528730e-01
  -8.4100000e+02   8.5713945e-01   1.0747995e-01
  -8.4000000e+02   8.5723711e-01   1.0273255e-01
  -8.3900000e+02   8.5831749e-01   1.0271276e-01
  -8.3800000e+02   8.6026913e-01   9.8097822e-02
  -8.3700000e+02   8.6011782e-01   9.8990254e-02
  -8.3600000e+02   8.6073185e-01   9.8001374e-02
  -8.3500000e+02   8.5988137e-01   9.5061027e-02
  -8.3400000e+02   8.5934792e-01   9.3883996e-02
  -8.3300000e+02   8.6274297e-01   8.9645177e-02
  -8.3200000e+02   8.6557611e-01   8.6076915e-02
  -8.3100000e+02   8.6600848e-01   8.5713796e-02
  -8.3000000e+02   8.6973186e-01   8.5559358e-02
  -8.2900000e+02   8.7010508e-01   8.5642018e-02
  -8.2800000e+02   8.7305044e-01   8.2381338e-02
  -8.2700000e+02   8.7863973e-01   7.5301407e-02
  -8.2600000e+02   8.8025769e-01   7.1804302e-02
  -8.2500000e+02   8.7893037e-01   7.0783294e-02
  -8.2400000e+02   8.7857673e-01   6.8918863e-02
  -8.2300000e+02   8.7806552e-01   7.0012198e-02
  -8.2200000e+02   8.8018579e-01   6.3122972e-02
  -8.2100000e+02   8.8179255e-01   6.1963707e-02
  -8.2000000e+02   8.7990174e-01   6.3564777e-02
  -8.1900000e+02   8.8180599e-01   6.2499816e-02
  -8.1800000e+02   8.8122418e-01   6.1539266e-02
  -8.1700000e+02   8.8244177e-01   6.0988290e-02
  -8.1600000e+02   8.8419357e-01   5.9982239e-02
  -8.1500000e+02   8.8299839e-01   6.0057266e-02
  -8.1400000e+02   8.8160939e-01   6.1068344e-02
  -8.1300000e+02   8.7986359e-01   5.9420266e-02
  -8.1200000e+02   8.7477918e-01   6.0665376e-02
  -8.1100000e+02   8.7503944e-01   6.3792996e-02
  -8.1000000e+02   8.7469156e-01   6.5489681e-02
  -8.0900000e+02   8.6431052e-01   8.7856219e-02
  -8.0800000e+02   8.6616241e-01   8.2181045e-02
  -8.0700000e+02   8.6879667e-01   8.0702745e-02
  -8.0600000e+02   8.6902357e-01   8.0632776e-02
  -8.0500000e+02   8.6597819e-01   8.0222381e-02
  -8.0400000e+02   8.6242510e-01   7.7798007e-02
  -8.0300000e+02   8.5765212e-01   8.0003488e-02
  -8.0200000e+02   8.5653422e-01   8.0441935e-02
  -8.0100000e+02   8.5421825e-01   8.0134959e-02
  -8.0000000e+02   8.4848765e-01   8.3490657e-02
  -7.9900000e+02   8.4802292e-01   8.4799336e-02
  -7.9800000e+02   8.4446716e-01   9.0841544e-02
  -7.9700000e+02   8.4291585e-01   9.1697234e-02
  -7.9600000e+02   8.4489880e-01   9.1193919e-02
  -7.9500000e+02   8.4645087e-01   9.0244227e-02
  -7.9400000e+02   8.4833106e-01   8.6882178e-02
  -7.9300000e+02   8.4739523e-01   8.5549033e-02
  -7.9200000e+02   8.4637638e-01   8.3943388e-02
  -7.9100000e+02   8.4743261e-01   8.4317550e-02
  -7.9000000e+02   8.4395754e-01   8.6833798e-02
  -7.8900000e+02   8.4033137e-01   8.8295285e-02
  -7.8800000e+02   8.4283077e-01   8.4972912e-02
  -7.8700000e+02   8.4233057e-01   8.6259158e-02
  -7.8600000e+02   8.4174812e-01   8.6080161e-02
  -7.8500000e+02   8.4007898e-01   8.6112602e-02
  -7.8400000e+02   8.3881754e-01   8.8513808e-02
  -7.8300000e+02   8.3777617e-01   8.9416956e-02
  -7.8200000e+02   8.3935008e-01   8.8151331e-02
  -7.8100000e+02   8.3908119e-01   9.0258045e-02
  -7.8000000e+02   8.4025502e-01   8.8642094e-02
  -7.7900000e+02   8.4008393e-01   8.8627937e-02
  -7.7800000e+02   8.4045739e-01   9.0576111e-02
  -7.7700000e+02   8.3962704e-01   9.1149874e-02
  -7.7600000e+02   8.3779150e-01   9.3572170e-02
  -7.7500000e+02   8.3861059e-01   9.2943114e-02
  -7.7400000e+02   8.4075155e-01   9.4593647e-02
  -7.7300000e+02   8.4021250e-01   9.6155087e-02
  -7.7200000e+02   8.4094191e-01   9.9139508e-02
  -7.7100000e+02   8.3929616e-01   1.0095579e-01
  -7.7000000e+02   8.3950732e-01   1.0001081e-01
  -7.6900000e+02   8.3997752e-01   9.9518566e-02
  -7.6800000e+02   8.3606557e-01   1.0227291e-01
  -7.6700000e+02   8.3930060e-01   1.0082569e-01
  -7.6600000e+02   8.3954074e-01   1.0254359e-01
  -7.6500000e+02   8.4155952e-01   1.0462567e-01
  -7.6400000e+02   8.4449930e-01   1.0493002e-01
  -7.6300000e+02   8.4698172e-01   1.0721427e-01
  -7.6200000e+02   8.4413566e-01   1.1088912e-01
  -7.6100000e+02   8.4200143e-01   1.1487137e-01
  -7.6000000e+02   8.4221144e-01   1.1716856e-01
  -7.5900000e+02   8.4189758e-01   1.1886665e-01
  -7.5800000e+02   8.3994001e-01   1.1935446e-01
  -7.5700000e+02   8.4049975e-01   1.1814853e-01
  -7.5600000e+02   8.3833768e-01   1.1687894e-01
  -7.5500000e+02   8.3726801e-01   1.1547899e-01
  -7.5400000e+02   8.3817349e-01   1.1590861e-01
  -7.5300000e+02   8.3739192e-01   1.1630845e-01
  -7.5200000e+02   8.4152172e-01   1.1664355e-01
  -7.5100000e+02   8.3922255e-01   1.1830930e-01
  -7.5000000e+02   8.4021880e-01   1.1736968e-01
  -7.4900000e+02   8.4203914e-01   1.1596110e-01
  -7.4800000e+02   8.4080991e-01   1.1570985e-01
  -7.4700000e+02   8.3807966e-01   1.1756435e-01
  -7.4600000e+02   8.3675513e-01   1.2047589e-01
  -7.4500000e+02   8.3932677e-01   1.1565147e-01
  -7.4400000e+02   8.4145100e-01   1.1019467e-01
  -7.4300000e+02   8.4237444e-01   1.0834146e-01
  -7.4200000e+02   8.4348459e-01   1.0734601e-01
  -7.4100000e+02   8.4428675e-01   1.0553442e-01
  -7.4000000e+02   8.4450103e-01   1.0851042e-01
  -7.3900000e+02   8.4732083e-01   1.0576208e-01
  -7.3800000e+02   8.4868590e-01   1.0656066e-01
  -7.3700000e+02   8.4658196e-01   1.0794304e-01
  -7.3600000e+02   8.4330642e-01   1.0759236e-01
  -7.3500000e+02   8.4001854e-01   1.0827053e-01
  -7.3400000e+02   8.3767196e-01   1.0668538e-01
  -7.3300000e+02   8.3868838e-01   1.0397733e-01
  -7.3200000e+02   8.3675028e-01   1.0566713e-01
  -7.3100000e+02   8.3545884e-01   1.0526520e-01
  -7.3000000e+02   8.2974949e-01   1.0462661e-01
  -7.2900000e+02   8.2469639e-01   1.0829200e-01
  -7.2800000e+02   8.2458312e-01   1.1413691e-01
  -7.2700000e+02   8.2878524e-01   1.1085275e-01
  -7.2600000e+02   8.3106583e-01   1.1001296e-01
  -7.2500000e+02   8.3073360e-01   1.0571672e-01
  -7.2400000e+02   8.2914323e-01   1.0316043e-01
  -7.2300000e+02   8.2862986e-01   1.0254249e-01
  -7.2200000e+02   8.3077079e-01   1.0265293e-01
  -7.2100000e+02   8.3352183e-01   1.0266297e-01
  -7.2000000e+02   8.3147483e-01   1.0556375e-01
  -7.1900000e+02   8.3266774e-01   1.0622159e-01
  -7.1800000e+02   8.3205063e-01   1.1006045e-01
  -7.1700000e+02   8.3229009e-01   1.1235131e-01
  -7.1600000e+02   8.3559887e-01   1.1289120e-01
  -7.1500000e+02   8.3572739e-01   1.1437767e-01
  -7.1400000e+02   8.3477079e-01   1.1650107e-01
  -7.1300000e+02   8.3827532e-01   1.1192295e-01
  -7.1200000e+02   8.3742964e-01   1.1097481e-01
  -7.1100000e+02   8.3723282e-01   1.1112639e-01
  -7.1000000e+02   8.3747207e-01   1.0798667e-01
  -7.0900000e+02   8.3658924e-01   1.0761914e-01
  -7.0800000e+02   8.3952226e-01   1.0314020e-01
  -7.0700000e+02   8.4271220e-01   9.6932117e-02
  -7.0600000e+02   8.4067078e-01   9.6779169e-02
  -7.0500000e+02   8.3977294e-01   9.5813009e-02
  -7.0400000e+02   8.4230590e-01   8.8335175e-02
  -7.0300000e+02   8.4485512e-01   8.5760637e-02
  -7.0200000e+02   8.4577903e-01   8.4038074e-02
  -7.0100000e+02   8.4975331e-01   8.4939108e-02
  -7.0000000e+02   8.5167749e-01   8.4691344e-02
  -6.9900000e+02   8.5794382e-01   8.3691170e-02
  -6.9800000e+02   8.6108236e-01   8.5372243e-02
  -6.9700000e+02   8.6056584e-01   9.0957126e-02
  -6.9600000e+02   8.6284224e-01   9.2175114e-02
  -6.9500000e+02   8.6309718e-01   9.1924540e-02
  -6.9400000e+02   8.6629195e-01   9.0714536e-02
  -6.9300000e+02   8.6753574e-01   9.1577453e-02
  -6.9200000e+02   8.6579378e-01   9.6562842e-02
  -6.9100000e+02   8.6956710e-01   8.9687691e-02
  -6.9000000e+02   8.7014486e-01   8.7275316e-02
  -6.8900000e+02   8.7062403e-01   8.6929202e-02
  -6.8800000e+02   8.7078537e-01   8.8502124e-02
  -6.8700000e+02   8.7212600e-01   8.8843036e-02
  -6.8600000e+02   8.7302064e-01   9.1003360e-02
  -6.8500000e+02   8.7219882e-01   9.2887660e-02
  -6.8400000e+02   8.6954309e-01   9.6875073e-02
  -6.8300000e+02   8.7136930e-01   9.2719736e-02
  -6.8200000e+02   8.6409728e-01   9.7179676e-02
  -6.8100000e+02   8.6645357e-01   9.5741619e-02
  -6.8000000e+02   8.6839449e-01   9.5343142e-02
  -6.7900000e+02   8.7063152e-01   9.2814630e-02
  -6.7800000e+02   8.7136185e-01   9.1163952e-02
  -6.7700000e+02   8.6941086e-01   9.2197826e-02
  -6.7600000e+02   8.7044101e-01   9.0985832e-02
  -6.7500000e+02   8.7072268e-01   8.8734571e-02
  -6.7400000e+02   8.7211537e-01   8.6652963e-02
  -6.7300000e+02   8.6926553e-01   8.6729772e-02
  -6.7200000e+02   8.6670254e-01   9.1014164e-02
  -6.7100000e+02   8.6682428e-01   8.9082157e-02
  -6.7000000e+02   8.7101527e-01   8.6612101e-02
  -6.6900000e+02   8.6796748e-01   8.8847869e-02
  -6.6800000e+02   8.6707506e-01   8.8695754e-02
  -6.6700000e+02   8.6396266e-01   9.3579918e-02
  -6.6600000e+02   8.6369976e-01   9.1500317e-02
  -6.6500000e+02   8.6256211e-01   9.3584888e-02
  -6.6400000e+02   8.5853452e-01   9.9186919e-02
  -6.6300000e+02   8.5869875e-01   9.8159534e-02
  -6.6200000e+02   8.5495005e-01   1.0406680e-01
  -6.6100000e+02   8.5370969e-01   1.0124771e-01
  -6.6000000e+02   8.5545487e-01   1.0272166e-01
  -6.5900000e+02   8.5738478e-01   1.0343991e-01
  -6.5800000e+02   8.5952010e-01   9.9461678e-02
  -6.5700000e+02   8.6032815e-01   1.0303977e-01
  -6.5600000e+02   8.6329181e-01   1.0088458e-01
  -6.5500000e+02   8.6447480e-01   1.0042073e-01
  -6.5400000e+02   8.6508933e-01   9.8779850e-02
  -6.5300000e+02   8.6653253e-01   1.0059380e-01
  -6.5200000e+02   8.6399741e-01   1.0229075e-01
  -6.5100000e+02   8.6401005e-01   1.0585062e-01
  -6.5000000e+02   8.6826002e-01   1.0433334e-01
  -6.4900000e+02   8.6940021e-01   1.0573510e-01
  -6.4800000e+02   8.7016687e-01   1.0437405e-01
  -6.4700000e+02   8.7095904e-01   1.0318744e-01
  -6.4600000e+02   8.7166994e-01   1.0338687e-01
  -6.4500000e+02   8.7179848e-01   1.0445001e-01
  -6.4400000e+02   8.7151321e-01   1.0358873e-01
  -6.4300000e+02   8.7236099e-01   1.0411831e-01
  -6.4200000e+02   8.7639743e-01   1.0077965e-01
  -6.4100000e+02   8.7607244e-01   1.0100183e-01
  -6.4000000e+02   8.7527726e-01   1.0311250e-01
  -6.3900000e+02   8.7512250e-01   1.0344875e-01
  -6.3800000e+02   8.7445154e-01   1.0426606e-01
  -6.3700000e+02   8.7066951e-01   1.0683831e-01
  -6.3600000e+02   8.6874783e-01   1.1232444e-01
  -6.3500000e+02   8.6759740e-01   1.1251340e-01
  -6.3400000e+02   8.6542293e-01   1.1831301e-01
  -6.3300000e+02   8.6490149e-01   1.1510152e-01
  -6.3200000e+02   8.6563498e-01   1.1548212e-01
  -6.3100000e+02   8.6632249e-01   1.1454445e-01
  -6.3000000e+02   8.6461346e-01   1.1476505e-01
  -6.2900000e+02   8.6768638e-01   1.1708683e-01
  -6.2800000e+02   8.6665630e-01   1.1622439e-01
  -6.2700000e+02   8.6827442e-01   1.1211628e-01
  -6.2600000e+02   8.7082063e-01   1.1071290e-01
  -6.2500000e+02   8.7023717e-01   1.0973309e-01
  -6.2400000e+02   8.6900272e-01   1.0857835e-01
  -6.2300000e+02   8.6755414e-01   1.0761281e-01
  -6.2200000e+02   8.6787469e-01   1.0841902e-01
  -6.2100000e+02   8.7094194e-01   1.0537498e-01
  -6.2000000e+02   8.6821645e-01   1.0912456e-01
  -6.1900000e+02   8.6920725e-01   1.0614847e-01
  -6.1800000e+02   8.6729576e-01   1.0373956e-01
  -6.1700000e+02   8.6717494e-01   1.0331701e-01
  -6.1600000e+02   8.6788972e-01   1.0335594e-01
  -6.1500000e+02   8.6545849e-01   1.0798921e-01
  -6.1400000e+02   8.6932659e-01   1.0325574e-01
  -6.1300000e+02   8.7116844e-01   1.0069375e-01
  -6.1200000e+02   8.7304698e-01   1.0033368e-01
  -6.1100000e+02   8.7450660e-01   1.0030108e-01
  -6.1000000e+02   8.7755510e-01   9.7423901e-02
  -6.0900000e+02   8.7682786e-01   9.7670374e-02
  -6.0800000e+02   8.7714679e-01   9.8221578e-02
  -6.0700000e+02   8.7644991e-01   9.8613575e-02
  -6.0600000e+02   8.7403660e-01   9.6321578e-02
  -6.0500000e+02   8.7170431e-01   9.9565557e-02
  -6.0400000e+02   8.7112372e-01   9.9237869e-02
  -6.0300000e+02   8.7127095e-01   9.8690096e-02
  -6.0200000e+02   8.7035518e-01   9.9577361e-02
  -6.0100000e+02   8.7094305e-01   9.8877473e-02
  -6.0000000e+02   8.6946807e-01   1.0017835e-01
  -5.9900000e+02   8.6517249e-01   1.0284537e-01
  -5.9800000e+02   8.6416757e-01   1.0335506e-01
  -5.9700000e+02   8.6391352e-01   1.0326088e-01
  -5.9600000e+02   8.6430768e-01   1.0332815e-01
  -5.9500000e+02   8.6177476e-01   1.0476056e-01
  -5.9400000e+02   8.6154061e-01   1.0422448e-01
  -5.9300000e+02   8.5807125e-01   1.0439469e-01
  -5.9200000e+02   8.5615237e-01   1.0769548e-01
  -5.9100000e+02   8.5670839e-01   1.0655778e-01
  -5.9000000e+02   8.5517515e-01   1.0956307e-01
  -5.8900000e+02   8.5331424e-01   1.1335040e-01
  -5.8800000e+02   8.5350047e-01   1.1190310e-01
  -5.8700000e+02   8.5271753e-01   1.1056037e-01
  -5.8600000e+02   8.5357874e-01   1.1013962e-01
  -5.8500000e+02   8.4639446e-01   1.1748507e-01
  -5.8400000e+02   8.4873557e-01   1.1399811e-01
  -5.8300000e+02   8.4740362e-01   1.1425034e-01
  -5.8200000e+02   8.4377260e-01   1.1441800e-01
  -5.8100000e+02   8.4292233e-01   1.1735671e-01
  -5.8000000e+02   8.4217095e-01   1.1419521e-01
  -5.7900000e+02   8.4266855e-01   1.1446514e-01
  -5.7800000e+02   8.4534146e-01   1.1133232e-01
  -5.7700000e+02   8.4382981e-01   1.1024854e-01
  -5.7600000e+02   8.4475892e-01   1.0725625e-01
  -5.7500000e+02   8.4445026e-01   1.0719659e-01
  -5.7400000e+02   8.4513780e-01   1.0427864e-01
  -5.7300000e+02   8.4425486e-01   1.0222191e-01
  -5.7200000e+02   8.4268459e-01   1.0152103e-01
  -5.7100000e+02   8.4390319e-01   1.0391824e-01
  -5.7000000e+02   8.4428650e-01   1.0524217e-01
  -5.6900000e+02   8.4620856e-01   1.0595685e-01
  -5.6800000e+02   8.4381958e-01   1.0912330e-01
  -5.6700000e+02   8.4428287e-01   1.1242427e-01
  -5.6600000e+02   8.4354436e-01   1.1786847e-01
  -5.6500000e+02   8.4549122e-01   1.1982199e-01
  -5.6400000e+02   8.4278285e-01   1.2768084e-01
  -5.6300000e+02   8.4526501e-01   1.1993813e-01
  -5.6200000e+02   8.4656868e-01   1.2012866e-01
  -5.6100000e+02   8.4683847e-01   1.2101722e-01
  -5.6000000e+02   8.4847391e-01   1.2327050e-01
  -5.5900000e+02   8.4921393e-01   1.2551354e-01
  -5.5800000e+02   8.5047518e-01   1.2457396e-01
  -5.5700000e+02   8.5146415e-01   1.2635218e-01
  -5.5600000e+02   8.5046378e-01   1.2811865e-01
  -5.5500000e+02   8.5402910e-01   1.2698998e-01
  -5.5400000e+02   8.5567653e-01   1.2752082e-01
  -5.5300000e+02   8.5313227e-01   1.2840117e-01
  -5.5200000e+02   8.5193278e-01   1.2905250e-01
  -5.5100000e+02   8.4757950e-01   1.3189741e-01
  -5.5000000e+02   8.4635640e-01   1.3170682e-01
  -5.4900000e+02   8.4318647e-01   1.3215575e-01
  -5.4800000e+02   8.4272908e-01   1.3361927e-01
  -5.4700000e+02   8.4472976e-01   1.3118654e-01
  -5.4600000e+02   8.4564559e-01   1.2921177e-01
  -5.4500000e+02   8.4904726e-01   1.2578444e-01
  -5.4400000e+02   8.4949550e-01   1.2553943e-01
  -5.4300000e+02   8.4661064e-01   1.2882615e-01
  -5.4200000e+02   8.4762967e-01   1.2892233e-01
  -5.4100000e+02   8.4490250e-01   1.3227628e-01
  -5.4000000e+02   8.4699731e-01   1.3205656e-01
  -5.3900000e+02   8.4817691e-01   1.2898265e-01
  -5.3800000e+02   8.4999654e-01   1.2738254e-01
  -5.3700000e+02   8.5104746e-01   1.2509036e-01
  -5.3600000e+02   8.5227503e-01   1.2551074e-01
  -5.3500000e+02   8.5666220e-01   1.2529074e-01
  -5.3400000e+02   8.5895671e-01   1.2427034e-01
  -5.3300000e+02   8.5967177e-01   1.2617097e-01
  -5.3200000e+02   8.6270403e-01   1.2089052e-01
  -5.3100000e+02   8.6610188e-01   1.1789512e-01
  -5.3000000e+02   8.6768193e-01   1.1616675e-01
  -5.2900000e+02   8.6761261e-01   1.1401292e-01
  -5.2800000e+02   8.6669134e-01   1.1194098e-01
  -5.2700000e+02   8.6360366e-01   1.1162719e-01
  -5.2600000e+02   8.6308336e-01   1.1066100e-01
  -5.2500000e+02   8.6233674e-01   1.1135680e-01
  -5.2400000e+02   8.6026880e-01   1.1071502e-01
  -5.2300000e+02   8.6078451e-01   1.1008234e-01
  -5.2200000e+02   8.5969660e-01   1.1207777e-01
  -5.2100000e+02   8.6180091e-01   1.0853482e-01
  -5.2000000e+02   8.6078257e-01   1.0807668e-01
  -5.1900000e+02   8.6134414e-01   1.0774848e-01
  -5.1800000e+02   8.6181660e-01   1.0635455e-01
  -5.1700000e+02   8.6235362e-01   1.0579622e-01
  -5.1600000e+02   8.6442142e-01   1.0402104e-01
  -5.1500000e+02   8.6263983e-01   1.0488400e-01
  -5.1400000e+02   8.6290260e-01   1.0452476e-01
  -5.1300000e+02   8.6224728e-01   1.0303044e-01
  -5.1200000e+02   8.6348585e-01   1.0028362e-01
  -5.1100000e+02   8.6117396e-01   1.0250999e-01
  -5.1000000e+02   8.6372943e-01   1.0146125e-01
  -5.0900000e+02   8.6237736e-01   1.0185905e-01
  -5.0800000e+02   8.6667935e-01   1.0252129e-01
  -5.0700000e+02   8.6615140e-01   1.0039121e-01
  -5.0600000e+02   8.6693804e-01   9.8846223e-02
  -5.0500000e+02   8.6935822e-01   9.6675938e-02
  -5.0400000e+02   8.7104109e-01   9.1930090e-02
  -5.0300000e+02   8.6954823e-01   9.0474188e-02
  -5.0200000e+02   8.7090155e-01   8.7744648e-02
  -5.0100000e+02   8.7364381e-01   8.4120336e-02
  -5.0000000e+02   8.7365466e-01   8.1643848e-02
  -4.9900000e+02   8.7550508e-01   8.0659491e-02
  -4.9800000e+02   8.7424087e-01   7.6986113e-02
  -4.9700000e+02   8.7087444e-01   7.6697820e-02
  -4.9600000e+02   8.7225650e-01   7.5504016e-02
  -4.9500000e+02   8.6717411e-01   8.1165514e-02
  -4.9400000e+02   8.6657700e-01   7.8806218e-02
  -4.9300000e+02   8.6546490e-01   8.0104288e-02
  -4.9200000e+02   8.6477632e-01   8.1721399e-02
  -4.9100000e+02   8.6269019e-01   8.3947024e-02
  -4.9000000e+02   8.6263372e-01   8.3394351e-02
  -4.8900000e+02   8.6280538e-01   8.3287033e-02
  -4.8800000e+02   8.6187476e-01   8.4592026e-02
  -4.8700000e+02   8.5903757e-01   8.5696857e-02
  -4.8600000e+02   8.5845899e-01   8.7171188e-02
  -4.8500000e+02   8.5391118e-01   9.6839187e-02
  -4.8400000e+02   8.6187550e-01   8.7409481e-02
  -4.8300000e+02   8.6111474e-01   8.6905202e-02
  -4.8200000e+02   8.6045678e-01   8.8029269e-02
  -4.8100000e+02   8.5798930e-01   9.3142143e-02
  -4.8000000e+02   8.5955551e-01   9.5514382e-02
  -4.7900000e+02   8.5957335e-01   9.7532450e-02
  -4.7800000e+02   8.5792019e-01   1.0333466e-01
  -4.7700000e+02   8.5523168e-01   1.0538984e-01
  -4.7600000e+02   8.5536226e-01   1.0074709e-01
  -4.7500000e+02   8.5190405e-01   1.0155243e-01
  -4.7400000e+02   8.4951654e-01   1.0411152e-01
  -4.7300000e+02   8.4800044e-01   1.0546130e-01
  -4.7200000e+02   8.4834648e-01   1.0020310e-01
  -4.7100000e+02   8.4564751e-01   1.0134063e-01
  -4.7000000e+02   8.4936088e-01   9.5129008e-02
  -4.6900000e+02   8.4938893e-01   9.2900852e-02
  -4.6800000e+02   8.5286563e-01   8.7086170e-02
  -4.6700000e+02   8.5509586e-01   8.7610080e-02
  -4.6600000e+02   8.5583258e-01   8.7139830e-02
  -4.6500000e+02   8.5342682e-01   9.0297471e-02
  -4.6400000e+02   8.5534649e-01   9.1135304e-02
  -4.6300000e+02   8.4973400e-01   9.7824731e-02
  -4.6200000e+02   8.5423079e-01   9.0861257e-02
  -4.6100000e+02   8.5243498e-01   9.4894213e-02
  -4.6000000e+02   8.5062397e-01   9.3127375e-02
  -4.5900000e+02   8.5333662e-01   9.2076507e-02
  -4.5800000e+02   8.5542793e-01   9.0294568e-02
  -4.5700000e+02   8.5530847e-01   8.9006525e-02
  -4.5600000e+02   8.5549226e-01   8.9106830e-02
  -4.5500000e+02   8.5431440e-01   9.0720085e-02
  -4.5400000e+02   8.5681159e-01   9.1769561e-02
  -4.5300000e+02   8.5903806e-01   9.2862424e-02
  -4.5200000e+02   8.5922402e-01   9.5076530e-02
  -4.5100000e+02   8.6020369e-01   9.2933720e-02
  -4.5000000e+02   8.5682888e-01   9.4522614e-02
  -4.4900000e+02   8.5054532e-01   9.2299038e-02
  -4.4800000e+02   8.5098389e-01   9.2647112e-02
  -4.4700000e+02   8.4828986e-01   9.7626769e-02
  -4.4600000e+02   8.4831885e-01   1.0024763e-01
  -4.4500000e+02   8.4965793e-01   1.0161773e-01
  -4.4400000e+02   8.5186970e-01   1.0136608e-01
  -4.4300000e+02   8.4940606e-01   1.1083095e-01
  -4.4200000e+02   8.5915741e-01   8.8551008e-02
  -4.4100000e+02   8.5509596e-01   9.4284996e-02
  -4.4000000e+02   8.5284470e-01   9.9508676e-02
  -4.3900000e+02   8.4827912e-01   1.0007682e-01
  -4.3800000e+02   8.4161782e-01   1.0585367e-01
  -4.3700000e+02   8.4220072e-01   1.0343940e-01
  -4.3600000e+02   8.4406172e-01   1.0255605e-01
  -4.3500000e+02   8.4742949e-01   1.0016428e-01
  -4.3400000e+02   8.5011255e-01   1.0152874e-01
  -4.3300000e+02   8.5412804e-01   1.0090777e-01
  -4.3200000e+02   8.5538439e-01   1.0036185e-01
  -4.3100000e+02   8.5966192e-01   1.0220185e-01
  -4.3000000e+02   8.6234440e-01   1.0561206e-01
  -4.2900000e+02   8.6459405e-01   1.0788814e-01
  -4.2800000e+02   8.6426454e-01   1.0956887e-01
  -4.2700000e+02   8.6029494e-01   1.1165477e-01
  -4.2600000e+02   8.5544980e-01   1.1040745e-01
  -4.2500000e+02   8.5135777e-01   1.1604401e-01
  -4.2400000e+02   8.4928796e-01   1.2175612e-01
  -4.2300000e+02   8.4755766e-01   1.2510253e-01
  -4.2200000e+02   8.4615892e-01   1.2605408e-01
  -4.2100000e+02   8.4493657e-01   1.2488283e-01
  -4.2000000e+02   8.4427058e-01   1.2244787e-01
  -4.1900000e+02   8.4466597e-01   1.2018023e-01
  -4.1800000e+02   8.5095646e-01   1.1844290e-01
  -4.1700000e+02   8.5433022e-01   1.2256132e-01
  -4.1600000e+02   8.5471738e-01   1.2733903e-01
  -4.1500000e+02   8.5430561e-01   1.3144312e-01
  -4.1400000e+02   8.5410047e-01   1.2806810e-01
  -4.1300000e+02   8.5120936e-01   1.3067594e-01
  -4.1200000e+02   8.5091029e-01   1.3084393e-01
  -4.1100000e+02   8.5155516e-01   1.2926206e-01
  -4.1000000e+02   8.5215678e-01   1.2875929e-01
  -4.0900000e+02   8.4984164e-01   1.3071653e-01
  -4.0800000e+02   8.5082728e-01   1.2732708e-01
  -4.0700000e+02   8.5299678e-01   1.2756090e-01
  -4.0600000e+02   8.5372198e-01   1.3289510e-01
  -4.0500000e+02   8.5311779e-01   1.3529652e-01
  -4.0400000e+02   8.5257826e-01   1.3935387e-01
  -4.0300000e+02   8.5127572e-01   1.4076093e-01
  -4.0200000e+02   8.4951563e-01   1.3929069e-01
  -4.0100000e+02   8.4383684e-01   1.4405751e-01
  -4.0000000e+02   8.4458974e-01   1.3772377e-01
  -3.9900000e+02   8.4689874e-01   1.3398554e-01
  -3.9800000e+02   8.4531911e-01   1.3444194e-01
  -3.9700000e+02   8.4483869e-01   1.3510271e-01
  -3.9600000e+02   8.4612460e-01   1.3242369e-01
  -3.9500000e+02   8.4725866e-01   1.2796301e-01
  -3.9400000e+02   8.4985026e-01   1.2478133e-01
  -3.9300000e+02   8.5089879e-01   1.2317669e-01
  -3.9200000e+02   8.5268530e-01   1.2307599e-01
  -3.9100000e+02   8.5024643e-01   1.2409124e-01
  -3.9000000e+02   8.4916223e-01   1.2122147e-01
  -3.8900000e+02   8.5159569e-01   1.2045296e-01
  -3.8800000e+02   8.4863539e-01   1.2209275e-01
  -3.8700000e+02   8.5188396e-01   1.1639510e-01
  -3.8600000e+02   8.5116310e-01   1.1618602e-01
  -3.8500000e+02   8.5033471e-01   1.1403000e-01
  -3.8400000e+02   8.4988538e-01   1.1227266e-01
  -3.8300000e+02   8.5554764e-01   1.0928019e-01
  -3.8200000e+02   8.5734276e-01   1.0866265e-01
  -3.8100000e+02   8.5872959e-01   1.1196705e-01
  -3.8000000e+02   8.6009788e-01   1.1023564e-01
  -3.7900000e+02   8.6172925e-01   1.1103860e-01
  -3.7800000e+02   8.6147595e-01   1.0768513e-01
  -3.7700000e+02   8.5986240e-01   1.0563315e-01
  -3.7600000e+02   8.5716497e-01   1.0530920e-01
  -3.7500000e+02   8.5698323e-01   1.0357375e-01
  -3.7400000e+02   8.5487581e-01   1.0443238e-01
  -3.7300000e+02   8.5467100e-01   1.0242056e-01
  -3.7200000e+02   8.5345672e-01   1.0031908e-01
  -3.7100000e+02   8.5048377e-01   1.0407236e-01
  -3.7000000e+02   8.4904921e-01   1.0826071e-01
  -3.6900000e+02   8.4819541e-01   1.1050572e-01
  -3.6800000e+02   8.4676477e-01   1.1190807e-01
  -3.6700000e+02   8.4492067e-01   1.1420968e-01
  -3.6600000e+02   8.4540824e-01   1.1074635e-01
  -3.6500000e+02   8.4180099e-01   1.1054942e-01
  -3.6400000e+02   8.4418122e-01   1.0963033e-01
  -3.6300000e+02   8.4280977e-01   1.0939255e-01
  -3.6200000e+02   8.4292970e-01   1.0964156e-01
  -3.6100000e+02   8.4203078e-01   1.1048790e-01
  -3.6000000e+02   8.4692453e-01   1.0629820e-01
  -3.5900000e+02   8.4635571e-01   1.0818078e-01
  -3.5800000e+02   8.4478238e-01   1.1084279e-01
  -3.5700000e+02   8.4573382e-01   1.0862347e-01
  -3.5600000e+02   8.4644174e-01   1.1050939e-01
  -3.5500000e+02   8.4587272e-01   1.1379275e-01
  -3.5400000e+02   8.4317947e-01   1.1453941e-01
  -3.5300000e+02   8.4371691e-01   1.1204701e-01
  -3.5200000e+02   8.4201536e-01   1.1214053e-01
  -3.5100000e+02   8.3998203e-01   1.1281122e-01
  -3.5000000e+02   8.3768747e-01   1.1576733e-01
  -3.4900000e+02   8.3465445e-01   1.1656183e-01
  -3.4800000e+02   8.3430741e-01   1.1704362e-01
  -3.4700000e+02   8.3644073e-01   1.0940289e-01
  -3.4600000e+02   8.3620779e-01   1.0886635e-01
  -3.4500000e+02   8.3808152e-01   1.0914357e-01
  -3.4400000e+02   8.4211376e-01   1.0470558e-01
  -3.4300000e+02   8.4657237e-01   9.8127394e-02
  -3.4200000e+02   8.4848204e-01   9.4956761e-02
  -3.4100000e+02   8.5232237e-01   9.3066395e-02
  -3.4000000e+02   8.5816958e-01   8.8336351e-02
  -3.3900000e+02   8.5728495e-01   8.8544586e-02
  -3.3800000e+02   8.5792549e-01   8.7906086e-02
  -3.3700000e+02   8.5840089e-01   8.7044691e-02
  -3.3600000e+02   8.5687396e-01   8.7622147e-02
  -3.3500000e+02   8.6058714e-01   8.4913504e-02
  -3.3400000e+02   8.6230684e-01   8.5657461e-02
  -3.3300000e+02   8.6330467e-01   8.4859231e-02
  -3.3200000e+02   8.6568055e-01   8.4428516e-02
  -3.3100000e+02   8.6701605e-01   8.6075207e-02
  -3.3000000e+02   8.6725983e-01   8.5071630e-02
  -3.2900000e+02   8.6771176e-01   8.4476073e-02
  -3.2800000e+02   8.6528156e-01   8.4879537e-02
  -3.2700000e+02   8.6452123e-01   8.5531279e-02
  -3.2600000e+02   8.6642743e-01   8.0990946e-02
  -3.2500000e+02   8.6554601e-01   7.9276057e-02
  -3.2400000e+02   8.6684484e-01   7.1396376e-02
  -3.2300000e+02   8.6787358e-01   6.8178723e-02
  -3.2200000e+02   8.7086110e-01   6.5382521e-02
  -3.2100000e+02   8.7054201e-01   6.6495502e-02
  -3.2000000e+02   8.7019919e-01   6.7950609e-02
  -3.1900000e+02   8.6776671e-01   6.9028293e-02
  -3.1800000e+02   8.6728253e-01   7.0255934e-02
  -3.1700000e+02   8.6922367e-01   7.2106111e-02
  -3.1600000e+02   8.6923970e-01   7.4775123e-02
  -3.1500000e+02   8.6810311e-01   7.6686634e-02
  -3.1400000e+02   8.6647425e-01   8.0682382e-02
  -3.1300000e+02   8.6635653e-01   7.9787025e-02
  -3.1200000e+02   8.6068182e-01   8.1888617e-02
  -3.1100000e+02   8.6069071e-01   8.2023100e-02
  -3.1000000e+02   8.6057229e-01   8.0653323e-02
  -3.0900000e+02   8.5821797e-01   8.1599828e-02
  -3.0800000e+02   8.5737975e-01   8.2897313e-02
  -3.0700000e+02   8.5748878e-01   8.3260675e-02
  -3.0600000e+02   8.5497693e-01   8.2197029e-02
  -3.0500000e+02   8.5919166e-01   8.1873436e-02
  -3.0400000e+02   8.6264924e-01   7.7626481e-02
  -3.0300000e+02   8.5964127e-01   8.0040477e-02
  -3.0200000e+02   8.6105251e-01   8.0223302e-02
  -3.0100000e+02   8.5941011e-01   8.2486649e-02
  -3.0000000e+02   8.6003956e-01   7.9492255e-02
  -2.9900000e+02   8.5939400e-01   7.9838932e-02
  -2.9800000e+02   8.5732698e-01   8.2004964e-02
  -2.9700000e+02   8.5614272e-01   8.4970524e-02
  -2.9600000e+02   8.5771921e-01   8.2365219e-02
  -2.9500000e+02   8.5879487e-01   8.2317951e-02
  -2.9400000e+02   8.5715382e-01   8.1349614e-02
  -2.9300000e+02   8.5885265e-01   7.9547179e-02
  -2.9200000e+02   8.5954656e-01   8.0677786e-02
  -2.9100000e+02   8.6078511e-01   7.9409688e-02
  -2.9000000e+02   8.5936822e-01   7.7798663e-02
  -2.8900000e+02   8.5868065e-01   7.6796362e-02
  -2.8800000e+02   8.5544153e-01   7.4650322e-02
  -2.8700000e+02   8.5140455e-01   7.2366335e-02
  -2.8600000e+02   8.5314865e-01   6.8143149e-02
  -2.8500000e+02   8.5178367e-01   6.4314710e-02
  -2.8400000e+02   8.5031362e-01   6.4827925e-02
  -2.8300000e+02   8.4890402e-01   6.4200217e-02
  -2.8200000e+02   8.5164664e-01   6.4075874e-02
  -2.8100000e+02   8.5085373e-01   6.4175148e-02
  -2.8000000e+02   8.5157854e-01   6.5005581e-02
  -2.7900000e+02   8.5328097e-01   6.5994571e-02
  -2.7800000e+02   8.5409624e-01   6.9092089e-02
  -2.7700000e+02   8.5170514e-01   7.3288488e-02
  -2.7600000e+02   8.5147425e-01   7.3961280e-02
  -2.7500000e+02   8.5226544e-01   7.1825294e-02
  -2.7400000e+02   8.5416285e-01   7.1890185e-02
  -2.7300000e+02   8.5751135e-01   6.5589647e-02
  -2.7200000e+02   8.5832503e-01   6.4830470e-02
  -2.7100000e+02   8.5819926e-01   6.4825658e-02
  -2.7000000e+02   8.5968129e-01   6.2611512e-02
  -2.6900000e+02   8.6026334e-01   6.1061212e-02
  -2.6800000e+02   8.6157844e-01   5.9445330e-02
  -2.6700000e+02   8.6003981e-01   5.6932861e-02
  -2.6600000e+02   8.5842085e-01   5.5843726e-02
  -2.6500000e+02   8.5623238e-01   5.5220282e-02
  -2.6400000e+02   8.5586917e-01   5.1797438e-02
  -2.6300000e+02   8.5311353e-01   5.1352733e-02
  -2.6200000e+02   8.5459275e-01   5.0946503e-02
  -2.6100000e+02   8.5210045e-01   5.3552947e-02
  -2.6000000e+02   8.5213225e-01   5.4391540e-02
  -2.5900000e+02   8.5145376e-01   5.7137275e-02
  -2.5800000e+02   8.4830423e-01   6.2084233e-02
  -2.5700000e+02   8.4837381e-01   6.1539198e-02
  -2.5600000e+02   8.4834348e-01   6.6199734e-02
  -2.5500000e+02   8.4810328e-01   7.1888398e-02
  -2.5400000e+02   8.4508700e-01   8.0921119e-02
  -2.5300000e+02   8.4305673e-01   8.3043307e-02
  -2.5200000e+02   8.4241197e-01   8.2809767e-02
  -2.5100000e+02   8.4315604e-01   8.3540356e-02
  -2.5000000e+02   8.4904329e-01   7.9174913e-02
  -2.4900000e+02   8.5288380e-01   7.9173392e-02
  -2.4800000e+02   8.5412123e-01   7.8425564e-02
  -2.4700000e+02   8.5412793e-01   8.0063641e-02
  -2.4600000e+02   8.5180475e-01   8.1958307e-02
  -2.4500000e+02   8.4901604e-01   8.8696560e-02
  -2.4400000e+02   8.4674880e-01   9.4224641e-02
  -2.4300000e+02   8.4427360e-01   8.6622702e-02
  -2.4200000e+02   8.4333928e-01   7.9007059e-02
  -2.4100000e+02   8.4485096e-01   7.6038367e-02
  -2.4000000e+02   8.4509538e-01   7.5220163e-02
  -2.3900000e+02   8.4784415e-01   7.5307591e-02
  -2.3800000e+02   8.4872530e-01   7.9317160e-02
  -2.3700000e+02   8.5158464e-01   7.6632813e-02
  -2.3600000e+02   8.5191418e-01   7.8847410e-02
  -2.3500000e+02   8.5209216e-01   8.2819912e-02
  -2.3400000e+02   8.5189841e-01   8.3634776e-02
  -2.3300000e+02   8.5102351e-01   8.5488840e-02
  -2.3200000e+02   8.5331375e-01   8.3369443e-02
  -2.3100000e+02   8.5637218e-01   8.3491951e-02
  -2.3000000e+02   8.5477020e-01   8.2958824e-02
  -2.2900000e+02   8.5650599e-01   8.2963147e-02
  -2.2800000e+02   8.5812504e-01   8.2270100e-02
  -2.2700000e+02   8.5910472e-01   8.3180905e-02
  -2.2600000e+02   8.6110880e-01   8.3094696e-02
  -2.2500000e+02   8.6189171e-01   8.3455065e-02
  -2.2400000e+02   8.6402083e-01   8.2033221e-02
  -2.2300000e+02   8.6406341e-01   8.1783947e-02
  -2.2200000e+02   8.6450733e-01   8.1817341e-02
  -2.2100000e+02   8.6168538e-01   8.5255690e-02
  -2.2000000e+02   8.6336936e-01   8.2476161e-02
  -2.1900000e+02   8.6311736e-01   8.0975862e-02
  -2.1800000e+02   8.6165404e-01   8.1690028e-02
  -2.1700000e+02   8.6037317e-01   7.9876607e-02
  -2.1600000e+02   8.5949660e-01   7.9475847e-02
  -2.1500000e+02   8.5720969e-01   8.5677015e-02
  -2.1400000e+02   8.5849363e-01   8.5881332e-02
  -2.1300000e+02   8.6047922e-01   8.3792223e-02
  -2.1200000e+02   8.5851263e-01   8.3952632e-02
  -2.1100000e+02   8.6186319e-01   8.3903877e-02
  -2.1000000e+02   8.5992693e-01   8.7947047e-02
  -2.0900000e+02   8.6376880e-01   8.5915656e-02
  -2.0800000e+02   8.6531625e-01   8.6242844e-02
  -2.0700000e+02   8.6610623e-01   8.5540069e-02
  -2.0600000e+02   8.6884070e-01   8.4027738e-02
  -2.0500000e+02   8.6660432e-01   9.0037792e-02
  -2.0400000e+02   8.6965397e-01   8.5399666e-02
  -2.0300000e+02   8.7018882e-01   8.6617331e-02
  -2.0200000e+02   8.7021188e-01   8.6713064e-02
  -2.0100000e+02   8.7485851e-01   8.0908611e-02
  -2.0000000e+02   8.7221822e-01   8.2880648e-02
  -1.9900000e+02   8.7181429e-01   8.4117339e-02
  -1.9800000e+02   8.7167081e-01   8.3939645e-02
  -1.9700000e+02   8.7045628e-01   8.3867455e-02
  -1.9600000e+02   8.6680886e-01   8.6698123e-02
  -1.9500000e+02   8.6632400e-01   8.7294650e-02
  -1.9400000e+02   8.6524421e-01   8.8466644e-02
  -1.9300000e+02   8.6506786e-01   8.6270540e-02
  -1.9200000e+02   8.6105636e-01   8.7343753e-02
  -1.9100000e+02   8.6149180e-01   8.6613939e-02
  -1.9000000e+02   8.6223380e-01   8.6746598e-02
  -1.8900000e+02   8.6469638e-01   8.8661800e-02
  -1.8800000e+02   8.6683388e-01   8.9010347e-02
  -1.8700000e+02   8.6803901e-01   8.9376636e-02
  -1.8600000e+02   8.6789713e-01   9.3775132e-02
  -1.8500000e+02   8.6897292e-01   9.0246639e-02
  -1.8400000e+02   8.6931824e-01   9.1122453e-02
  -1.8300000e+02   8.6804848e-01   9.3076787e-02
  -1.8200000e+02   8.6829890e-01   9.4132064e-02
  -1.8100000e+02   8.6863786e-01   9.4894858e-02
  -1.8000000e+02   8.6540976e-01   9.7535831e-02
  -1.7900000e+02   8.6428227e-01   9.7237859e-02
  -1.7800000e+02   8.6282178e-01   1.0012551e-01
  -1.7700000e+02   8.6635711e-01   9.3237546e-02
  -1.7600000e+02   8.6841172e-01   9.2466130e-02
  -1.7500000e+02   8.6982977e-01   8.8578022e-02
  -1.7400000e+02   8.7325683e-01   8.7140651e-02
  -1.7300000e+02   8.7351114e-01   8.6278519e-02
  -1.7200000e+02   8.7456571e-01   8.5256443e-02
  -1.7100000e+02   8.7350825e-01   8.4852928e-02
  -1.7000000e+02   8.7449078e-01   8.3721915e-02
  -1.6900000e+02   8.7490238e-01   8.3535596e-02
  -1.6800000e+02   8.7637907e-01   8.2357786e-02
  -1.6700000e+02   8.7562271e-01   8.3214424e-02
  -1.6600000e+02   8.7514699e-01   8.1514543e-02
  -1.6500000e+02   8.7350553e-01   7.9625179e-02
  -1.6400000e+02   8.7310144e-01   7.8676339e-02
  -1.6300000e+02   8.7714716e-01   7.8188033e-02
  -1.6200000e+02   8.7619603e-01   7.9077713e-02
  -1.6100000e+02   8.7841405e-01   7.7298637e-02
  -1.6000000e+02   8.7775040e-01   7.7278241e-02
  -1.5900000e+02   8.7858705e-01   7.8449292e-02
  -1.5800000e+02   8.7642813e-01   8.2577603e-02
  -1.5700000e+02   8.7794457e-01   7.9305751e-02
  -1.5600000e+02   8.7130120e-01   8.2987745e-02
  -1.5500000e+02   8.7672912e-01   7.8074242e-02
  -1.5400000e+02   8.7904113e-01   7.8013672e-02
  -1.5300000e+02   8.7948552e-01   8.0001001e-02
  -1.5200000e+02   8.8085422e-01   7.9746036e-02
  -1.5100000e+02   8.8122444e-01   7.9092651e-02
  -1.5000000e+02   8.8267729e-01   7.8840098e-02
  -1.4900000e+02   8.8454463e-01   7.5910505e-02
  -1.4800000e+02   8.8779888e-01   7.1797823e-02
  -1.4700000e+02   8.8661898e-01   7.1394358e-02
  -1.4600000e+02   8.8766190e-01   6.6830667e-02
  -1.4500000e+02   8.9117911e-01   6.5226758e-02
  -1.4400000e+02   8.9192696e-01   6.6255542e-02
  -1.4300000e+02   8.9423832e-01   6.5565604e-02
  -1.4200000e+02   8.9294765e-01   6.4497359e-02
  -1.4100000e+02   8.9405278e-01   6.3240709e-02
  -1.4000000e+02   8.9333124e-01   6.1182569e-02
  -1.3900000e+02   8.9506306e-01   6.0649317e-02
  -1.3800000e+02   8.9261209e-01   6.0491424e-02
  -1.3700000e+02   8.9423628e-01   6.0367703e-02
  -1.3600000e+02   8.9644649e-01   6.0452306e-02
  -1.3500000e+02   8.9522989e-01   6.3709666e-02
  -1.3400000e+02   8.9898697e-01   6.0685835e-02
  -1.3300000e+02   8.9734520e-01   6.0974501e-02
  -1.3200000e+02   8.9711620e-01   6.1440465e-02
  -1.3100000e+02   8.9563501e-01   6.3779586e-02
  -1.3000000e+02   8.9365456e-01   6.6849856e-02
  -1.2900000e+02   8.9554521e-01   6.6909957e-02
  -1.2800000e+02   8.9461920e-01   6.9465572e-02
  -1.2700000e+02   8.9528363e-01   7.0153231e-02
  -1.2600000e+02   8.9594980e-01   6.9829184e-02
  -1.2500000e+02   8.9439141e-01   6.9307190e-02
  -1.2400000e+02   8.9371823e-01   7.0936386e-02
  -1.2300000e+02   8.9400532e-01   6.8877087e-02
  -1.2200000e+02   8.9537630e-01   6.6334670e-02
  -1.2100000e+02   8.9613335e-01   6.7747613e-02
  -1.2000000e+02   8.9745287e-01   6.7849904e-02
  -1.1900000e+02   8.9791059e-01   6.9450589e-02
  -1.1800000e+02   8.9859721e-01   6.8431345e-02
  -1.1700000e+02   8.9746037e-01   6.8476687e-02
  -1.1600000e+02   8.9793669e-01   6.5573520e-02
  -1.1500000e+02   8.9838408e-01   6.3354576e-02
  -1.1400000e+02   8.9625260e-01   6.1914455e-02
  -1.1300000e+02   8.9565232e-01   5.9953607e-02
  -1.1200000e+02   8.9633382e-01   5.8621709e-02
  -1.1100000e+02   8.9692960e-01   5.8417547e-02
  -1.1000000e+02   8.9575277e-01   6.2530851e-02
  -1.0900000e+02   8.9931262e-01   6.3439857e-02
  -1.0800000e+02   9.0031277e-01   6.1980618e-02
  -1.0700000e+02   8.9854070e-01   6.7405906e-02
  -1.0600000e+02   8.9915276e-01   6.6545044e-02
  -1.0500000e+02   8.9558603e-01   7.0595272e-02
  -1.0400000e+02   8.9301483e-01   7.1047854e-02
  -1.0300000e+02   8.9343663e-01   7.1079607e-02
  -1.0200000e+02   8.8868685e-01   7.2279985e-02
  -1.0100000e+02   8.9072849e-01   7.3587903e-02
  -1.0000000e+02   8.8981874e-01   7.1477769e-02
  -9.9000000e+01   8.9382518e-01   7.0773926e-02
  -9.8000000e+01   8.9675273e-01   6.8228596e-02
  -9.7000000e+01   8.9743421e-01   7.0378541e-02
  -9.6000000e+01   8.9299997e-01   7.3057917e-02
  -9.5000000e+01   8.9232366e-01   7.2337708e-02
  -9.4000000e+01   8.9009528e-01   7.1720228e-02
  -9.3000000e+01   8.8930019e-01   6.8373575e-02
  -9.2000000e+01   8.8648649e-01   6.6713455e-02
  -9.1000000e+01   8.8513434e-01   6.7659675e-02
  -9.0000000e+01   8.8186973e-01   6.8965285e-02
  -8.9000000e+01   8.8111036e-01   6.7495792e-02
  -8.8000000e+01   8.8176504e-01   7.0758808e-02
  -8.7000000e+01   8.8222394e-01   6.9916444e-02
  -8.6000000e+01   8.8364606e-01   7.0416377e-02
  -8.5000000e+01   8.8269766e-01   7.0702492e-02
  -8.4000000e+01   8.8085674e-01   7.1867548e-02
  -8.3000000e+01   8.8094348e-01   7.3329516e-02
  -8.2000000e+01   8.8137032e-01   7.1801082e-02
  -8.1000000e+01   8.7961673e-01   7.2505553e-02
  -8.0000000e+01   8.7935531e-01   7.1431909e-02
  -7.9000000e+01   8.7778148e-01   6.9516856e-02
  -7.8000000e+01   8.7280327e-01   7.6131268e-02
  -7.7000000e+01   8.7091103e-01   7.7984619e-02
  -7.6000000e+01   8.7150609e-01   7.6086872e-02
  -7.5000000e+01   8.7047779e-01   7.5087202e-02
  -7.4000000e+01   8.6831086e-01   7.6289329e-02
  -7.3000000e+01   8.6728078e-01   7.5620306e-02
  -7.2000000e+01   8.6657347e-01   7.3485211e-02
  -7.1000000e+01   8.6535917e-01   7.3217130e-02
  -7.0000000e+01   8.6463986e-01   7.2269710e-02
  -6.9000000e+01   8.6146911e-01   7.2589739e-02
  -6.8000000e+01   8.6039722e-01   7.2884006e-02
  -6.7000000e+01   8.6027929e-01   7.7806524e-02
  -6.6000000e+01   8.5830334e-01   7.9944912e-02
  -6.5000000e+01   8.5722046e-01   8.3047751e-02
  -6.4000000e+01   8.5448864e-01   8.4929030e-02
  -6.3000000e+01   8.5451154e-01   8.6913531e-02
  -6.2000000e+01   8.5242627e-01   8.7297929e-02
  -6.1000000e+01   8.5245157e-01   8.2358546e-02
  -6.0000000e+01   8.5326077e-01   7.8616977e-02
  -5.9000000e+01   8.5482099e-01   7.8362206e-02
  -5.8000000e+01   8.5819201e-01   7.5234618e-02
  -5.7000000e+01   8.5778462e-01   7.3973242e-02
  -5.6000000e+01   8.5620037e-01   7.5071605e-02
  -5.5000000e+01   8.5691506e-01   7.5722700e-02
  -5.4000000e+01   8.5488327e-01   7.5065036e-02
  -5.3000000e+01   8.5422139e-01   8.1638775e-02
  -5.2000000e+01   8.5624510e-01   7.7470539e-02
  -5.1000000e+01   8.5586982e-01   7.4353270e-02
  -5.0000000e+01   8.5581943e-01   7.7692539e-02
  -4.9000000e+01   8.5387999e-01   7.5832664e-02
  -4.8000000e+01   8.5241808e-01   7.2984629e-02
  -4.7000000e+01   8.5139984e-01   7.4933566e-02
  -4.6000000e+01   8.5069645e-01   6.9995433e-02
  -4.5000000e+01   8.5304867e-01   7.0091287e-02
  -4.4000000e+01   8.5762311e-01   6.5045060e-02
  -4.3000000e+01   8.6096061e-01   6.5365173e-02
  -4.2000000e+01   8.6292036e-01   6.8220899e-02
  -4.1000000e+01   8.6317036e-01   7.1033306e-02
  -4.0000000e+01   8.6326752e-01   7.2825201e-02
  -3.9000000e+01   8.6225534e-01   7.7449339e-02
  -3.8000000e+01   8.6502193e-01   7.4172976e-02
  -3.7000000e+01   8.6736125e-01   7.1801072e-02
  -3.6000000e+01   8.7116087e-01   6.8428867e-02
  -3.5000000e+01   8.6877011e-01   7.1208601e-02
  -3.4000000e+01   8.7350387e-01   6.5748969e-02
  -3.3000000e+01   8.7883089e-01   6.0525053e-02
  -3.2000000e+01   8.8113893e-01   5.8945840e-02
  -3.1000000e+01   8.8210124e-01   5.7138160e-02
  -3.0000000e+01   8.8322153e-01   5.5302634e-02
  -2.9000000e+01   8.8829812e-01   5.5622225e-02
  -2.8000000e+01   8.8930817e-01   5.3085544e-02
  -2.7000000e+01   8.9005779e-01   5.2107923e-02
  -2.6000000e+01   8.9358264e-01   5.4407051e-02
  -2.5000000e+01   8.9606252e-01   5.5495394e-02
  -2.4000000e+01   8.9342408e-01   5.7883979e-02
  -2.3000000e+01   8.9811579e-01   5.6597869e-02
  -2.2000000e+01   9.0240819e-01   5.1734578e-02
  -2.1000000e+01   9.0703087e-01   5.2586471e-02
  -2.0000000e+01   9.0920852e-01   5.0251195e-02
  -1.9000000e+01   9.1213765e-01   5.4509879e-02
  -1.8000000e+01   9.1237782e-01   5.4297073e-02
  -1.7000000e+01   9.1171238e-01   5.6476393e-02
  -1.6000000e+01   9.0802558e-01   5.5739170e-02
  -1.5000000e+01   9.0706782e-01   5.7796655e-02
  -1.4000000e+01   9.0846368e-01   5.3434655e-02
  -1.3000000e+01   9.0667996e-01   5.5720845e-02
  -1.2000000e+01   9.0698124e-01   6.0921713e-02
  -1.1000000e+01   9.0824227e-01   4.9333549e-02
  -1.0000000e+01   9.0791342e-01   4.6299082e-02
  -9.0000000e+00   9.1042107e-01   4.3647088e-02
  -8.0000000e+00   9.1516950e-01   3.8003740e-02
  -7.0000000e+00   9.1758919e-01   4.2271260e-02
  -6.0000000e+00   9.1929088e-01   4.2448307e-02
  -5.0000000e+00   9.2040686e-01   3.8620541e-02
  -4.0000000e+00   9.1739247e-01   4.1724519e-02
  -3.0000000e+00   9.1586386e-01   4.3551095e-02
  -2.0000000e+00   9.0628202e-01   6.2766050e-02
  -1.0000000e+00   8.8563186e-01   9.9208474e-02
   0.0000000e+00   8.8968512e-01   8.9553448e-02
   1.0000000e+00   9.1505310e-01   6.3844258e-02
   2.0000000e+00   9.3275407e-01   4.3389089e-02
   3.0000000e+00   9.4776123e-01   2.9185763e-02
   4.0000000e+00   9.5591166e-01   2.2835019e-02
   5.0000000e+00   9.6288503e-01   1.8117241e-02
   6.0000000e+00   9.6601159e-01   1.6300809e-02
   7.0000000e+00   9.6837995e-01   1.5178892e-02
   8.0000000e+00   9.7032109e-01   1.4898220e-02
   9.0000000e+00   9.7203682e-01   1.4420297e-02
   1.0000000e+01   9.7371898e-01   1.4118461e-02
   1.1000000e+01   9.7524432e-01   1.4024372e-02
   1.2000000e+01   9.7566048e-01   1.4080436e-02
   1.3000000e+01   9.7688649e-01   1.3724525e-02
   1.4000000e+01   9.7754122e-01   1.3681329e-02
   1.5000000e+01   9.7755310e-01   1.3463013e-02
   1.6000000e+01   9.7743784e-01   1.3444261e-02
   1.7000000e+01   9.7771007e-01   1.3358755e-02
   1.8000000e+01   9.7767717e-01   1.3581908e-02
   1.9000000e+01   9.7738660e-01   1.3637482e-02
   2.0000000e+01   9.7743327e-01   1.3600798e-02
   2.1000000e+01   9.7700741e-01   1.3760894e-02
   2.2000000e+01   9.7683376e-01   1.4171793e-02
   2.3000000e+01   9.7637901e-01   1.4249171e-02
   2.4000000e+01   9.7647882e-01   1.4396291e-02
   2.5000000e+01   9.7620573e-01   1.4774985e-02
   2.6000000e+01   9.7651061e-01   1.4478569e-02
   2.7000000e+01   9.7574901e-01   1.4535467e-02
   2.8000000e+01   9.7546791e-01   1.4237506e-02
   2.9000000e+01   9.7524867e-01   1.3864292e-02
   3.0000000e+01   9.7467675e-01   1.4055991e-02
   3.1000000e+01   9.7425651e-01   1.3970047e-02
   3.2000000e+01   9.7405655e-01   1.3824489e-02
   3.3000000e+01   9.7383848e-01   1.3730847e-02
   3.4000000e+01   9.7351145e-01   1.4216781e-02
   3.5000000e+01   9.7371128e-01   1.3594858e-02
   3.6000000e+01   9.7334959e-01   1.3571622e-02
   3.7000000e+01   9.7341883e-01   1.3865745e-02
   3.8000000e+01   9.7307945e-01   1.3401640e-02
   3.9000000e+01   9.7277578e-01   1.3076604e-02
   4.0000000e+01   9.7242608e-01   1.3025694e-02
   4.1000000e+01   9.7213540e-01   1.2622806e-02
   4.2000000e+01   9.7155668e-01   1.2615726e-02
   4.3000000e+01   9.7233210e-01   1.2627863e-02
   4.4000000e+01   9.7252238e-01   1.2321461e-02
   4.5000000e+01   9.7205380e-01   1.2624197e-02
   4.6000000e+01   9.7194606e-01   1.2451289e-02
   4.7000000e+01   9.7146709e-01   1.2649669e-02
   4.8000000e+01   9.7146386e-01   1.2378720e-02
   4.9000000e+01   9.7127999e-01   1.2341529e-02
   5.0000000e+01   9.7123025e-01   1.1821697e-02
   5.1000000e+01   9.7130549e-01   1.2225108e-02
   5.2000000e+01   9.7080101e-01   1.1528482e-02
   5.3000000e+01   9.7116333e-01   1.1863244e-02
   5.4000000e+01   9.7131685e-01   1.2109723e-02
   5.5000000e+01   9.7128595e-01   1.2271574e-02
   5.6000000e+01   9.7157280e-01   1.2163581e-02
   5.7000000e+01   9.7206789e-01   1.2566262e-02
   5.8000000e+01   9.7178682e-01   1.2427550e-02
   5.9000000e+01   9.7197376e-01   1.2338594e-02
   6.0000000e+01   9.7167742e-01   1.2340575e-02
   6.1000000e+01   9.7239085e-01   1.2270049e-02
   6.2000000e+01   9.7222033e-01   1.2073120e-02
   6.3000000e+01   9.7274555e-01   1.2129669e-02
   6.4000000e+01   9.7283348e-01   1.2480728e-02
   6.5000000e+01   9.7365767e-01   1.2247743e-02
   6.6000000e+01   9.7377999e-01   1.2708623e-02
   6.7000000e+01   9.7413880e-01   1.2870643e-02
   6.8000000e+01   9.7417229e-01   1.3005972e-02
   6.9000000e+01   9.7442581e-01   1.3120567e-02
   7.0000000e+01   9.7477102e-01   1.3543319e-02
   7.1000000e+01   9.7497218e-01   1.3586233e-02
   7.2000000e+01   9.7517832e-01   1.4044208e-02
   7.3000000e+01   9.7558085e-01   1.3639181e-02
   7.4000000e+01   9.7542565e-01   1.4375889e-02
   7.5000000e+01   9.7549014e-01   1.4398253e-02
   7.6000000e+01   9.7620647e-01   1.3604466e-02
   7.7000000e+01   9.7640346e-01   1.4175369e-02
   7.8000000e+01   9.7511475e-01   1.5533316e-02
   7.9000000e+01   9.7533116e-01   1.5559090e-02
   8.0000000e+01   9.7628345e-01   1.5467279e-02
   8.1000000e+01   9.7637703e-01   1.5244345e-02
   8.2000000e+01   9.7666738e-01   1.5599118e-02
   8.3000000e+01   9.7662749e-01   1.5916346e-02
   8.4000000e+01   9.7640894e-01   1.5714167e-02
   8.5000000e+01   9.7683438e-01   1.5188230e-02
   8.6000000e+01   9.7658488e-01   1.4969489e-02
   8.7000000e+01   9.7651261e-01   1.4616924e-02
   8.8000000e+01   9.7630443e-01   1.4563776e-02
   8.9000000e+01   9.7581802e-01   1.3872992e-02
   9.0000000e+01   9.7471203e-01   1.3665239e-02
   9.1000000e+01   9.7334874e-01   1.3594004e-02
   9.2000000e+01   9.7287666e-01   1.2524036e-02
   9.3000000e+01   9.7211710e-01   1.2143779e-02
   9.4000000e+01   9.7102421e-01   1.2031173e-02
   9.5000000e+01   9.6854072e-01   1.2430873e-02
   9.6000000e+01   9.6517348e-01   1.3767613e-02
   9.7000000e+01   9.6028593e-01   1.5877369e-02
   9.8000000e+01   9.5340286e-01   2.1657325e-02
   9.9000000e+01   9.3941666e-01   3.1649348e-02
   1.0000000e+02   9.1827410e-01   5.3120450e-02
   1.0100000e+02   9.0996376e-01   6.7719387e-02
   1.0200000e+02   9.0555735e-01   7.0843455e-02
   1.0300000e+02   9.1330728e-01   6.3540932e-02
   1.0400000e+02   9.1223236e-01   6.8222160e-02
   1.0500000e+02   9.2044868e-01   4.9154096e-02
   1.0600000e+02   9.1930771e-01   4.9554236e-02
   1.0700000e+02   9.2231374e-01   3.2694113e-02
   1.0800000e+02   9.2072240e-01   3.7664627e-02
   1.0900000e+02   9.1914465e-01   3.8214916e-02
   1.1000000e+02   9.1819739e-01   4.2024793e-02
   1.1100000e+02   9.1533700e-01   4.7521920e-02
   1.1200000e+02   9.0610360e-01   6.2303581e-02
   1.1300000e+02   9.0808667e-01   6.1348861e-02
   1.1400000e+02   9.0641707e-01   6.8113714e-02
   1.1500000e+02   8.9940091e-01   7.9010370e-02
   1.1600000e+02   9.0080431e-01   7.5687337e-02
   1.1700000e+02   8.9676394e-01   8.3680694e-02
   1.1800000e+02   8.9181891e-01   9.0036557e-02
   1.1900000e+02   8.8547727e-01   9.7290649e-02
   1.2000000e+02   8.8277584e-01   1.0528219e-01
