  -1.2000000e+03   0.0000000e+00   0.0000000e+00
  -1.1990000e+03   0.0000000e+00   0.0000000e+00
  -1.1980000e+03   0.0000000e+00   0.0000000e+00
  -1.1970000e+03   0.0000000e+00   0.0000000e+00
  -1.1960000e+03   0.0000000e+00   0.0000000e+00
  -1.1950000e+03   0.0000000e+00   0.0000000e+00
  -1.1940000e+03   0.0000000e+00   0.0000000e+00
  -1.1930000e+03   0.0000000e+00   0.0000000e+00
  -1.1920000e+03   0.0000000e+00   0.0000000e+00
  -1.1910000e+03   0.0000000e+00   0.0000000e+00
  -1.1900000e+03   0.0000000e+00   0.0000000e+00
  -1.1890000e+03   0.0000000e+00   0.0000000e+00
  -1.1880000e+03   0.0000000e+00   0.0000000e+00
  -1.1870000e+03   0.0000000e+00   0.0000000e+00
  -1.1860000e+03   0.0000000e+00   0.0000000e+00
  -1.1850000e+03   0.0000000e+00   0.0000000e+00
  -1.1840000e+03   0.0000000e+00   0.0000000e+00
  -1.1830000e+03   0.0000000e+00   0.0000000e+00
  -1.1820000e+03   0.0000000e+00   0.0000000e+00
  -1.1810000e+03   0.0000000e+00   0.0000000e+00
  -1.1800000e+03   0.0000000e+00   0.0000000e+00
  -1.1790000e+03   0.0000000e+00   0.0000000e+00
  -1.1780000e+03   0.0000000e+00   0.0000000e+00
  -1.1770000e+03   0.0000000e+00   0.0000000e+00
  -1.1760000e+03   0.0000000e+00   0.0000000e+00
  -1.1750000e+03   0.0000000e+00   0.0000000e+00
  -1.1740000e+03   0.0000000e+00   0.0000000e+00
  -1.1730000e+03   0.0000000e+00   0.0000000e+00
  -1.1720000e+03   0.0000000e+00   0.0000000e+00
  -1.1710000e+03   0.0000000e+00   0.0000000e+00
  -1.1700000e+03   0.0000000e+00   0.0000000e+00
  -1.1690000e+03   0.0000000e+00   0.0000000e+00
  -1.1680000e+03   0.0000000e+00   0.0000000e+00
  -1.1670000e+03   0.0000000e+00   0.0000000e+00
  -1.1660000e+03   0.0000000e+00   0.0000000e+00
  -1.1650000e+03   0.0000000e+00   0.0000000e+00
  -1.1640000e+03   0.0000000e+00   0.0000000e+00
  -1.1630000e+03   0.0000000e+00   0.0000000e+00
  -1.1620000e+03   0.0000000e+00   0.0000000e+00
  -1.1610000e+03   0.0000000e+00   0.0000000e+00
  -1.1600000e+03   0.0000000e+00   0.0000000e+00
  -1.1590000e+03   0.0000000e+00   0.0000000e+00
  -1.1580000e+03   0.0000000e+00   0.0000000e+00
  -1.1570000e+03   0.0000000e+00   0.0000000e+00
  -1.1560000e+03   0.0000000e+00   0.0000000e+00
  -1.1550000e+03   0.0000000e+00   0.0000000e+00
  -1.1540000e+03   0.0000000e+00   0.0000000e+00
  -1.1530000e+03   0.0000000e+00   0.0000000e+00
  -1.1520000e+03   0.0000000e+00   0.0000000e+00
  -1.1510000e+03   0.0000000e+00   0.0000000e+00
  -1.1500000e+03   0.0000000e+00   0.0000000e+00
  -1.1490000e+03   0.0000000e+00   0.0000000e+00
  -1.1480000e+03   0.0000000e+00   0.0000000e+00
  -1.1470000e+03   0.0000000e+00   0.0000000e+00
  -1.1460000e+03   0.0000000e+00   0.0000000e+00
  -1.1450000e+03   0.0000000e+00   0.0000000e+00
  -1.1440000e+03   0.0000000e+00   0.0000000e+00
  -1.1430000e+03   0.0000000e+00   0.0000000e+00
  -1.1420000e+03   0.0000000e+00   0.0000000e+00
  -1.1410000e+03   0.0000000e+00   0.0000000e+00
  -1.1400000e+03   0.0000000e+00   0.0000000e+00
  -1.1390000e+03   0.0000000e+00   0.0000000e+00
  -1.1380000e+03   0.0000000e+00   0.0000000e+00
  -1.1370000e+03   0.0000000e+00   0.0000000e+00
  -1.1360000e+03   0.0000000e+00   0.0000000e+00
  -1.1350000e+03   0.0000000e+00   0.0000000e+00
  -1.1340000e+03   0.0000000e+00   0.0000000e+00
  -1.1330000e+03   0.0000000e+00   0.0000000e+00
  -1.1320000e+03   0.0000000e+00   0.0000000e+00
  -1.1310000e+03   0.0000000e+00   0.0000000e+00
  -1.1300000e+03   0.0000000e+00   0.0000000e+00
  -1.1290000e+03   0.0000000e+00   0.0000000e+00
  -1.1280000e+03   0.0000000e+00   0.0000000e+00
  -1.1270000e+03   0.0000000e+00   0.0000000e+00
  -1.1260000e+03   0.0000000e+00   0.0000000e+00
  -1.1250000e+03   0.0000000e+00   0.0000000e+00
  -1.1240000e+03   0.0000000e+00   0.0000000e+00
  -1.1230000e+03   0.0000000e+00   0.0000000e+00
  -1.1220000e+03   0.0000000e+00   0.0000000e+00
  -1.1210000e+03   0.0000000e+00   0.0000000e+00
  -1.1200000e+03   0.0000000e+00   0.0000000e+00
  -1.1190000e+03   0.0000000e+00   0.0000000e+00
  -1.1180000e+03   0.0000000e+00   0.0000000e+00
  -1.1170000e+03   0.0000000e+00   0.0000000e+00
  -1.1160000e+03   0.0000000e+00   0.0000000e+00
  -1.1150000e+03   0.0000000e+00   0.0000000e+00
  -1.1140000e+03   0.0000000e+00   0.0000000e+00
  -1.1130000e+03   0.0000000e+00   0.0000000e+00
  -1.1120000e+03   0.0000000e+00   0.0000000e+00
  -1.1110000e+03   0.0000000e+00   0.0000000e+00
  -1.1100000e+03   0.0000000e+00   0.0000000e+00
  -1.1090000e+03   0.0000000e+00   0.0000000e+00
  -1.1080000e+03   0.0000000e+00   0.0000000e+00
  -1.1070000e+03   0.0000000e+00   0.0000000e+00
  -1.1060000e+03   0.0000000e+00   0.0000000e+00
  -1.1050000e+03   0.0000000e+00   0.0000000e+00
  -1.1040000e+03   0.0000000e+00   0.0000000e+00
  -1.1030000e+03   0.0000000e+00   0.0000000e+00
  -1.1020000e+03   0.0000000e+00   0.0000000e+00
  -1.1010000e+03   0.0000000e+00   0.0000000e+00
  -1.1000000e+03   9.3012049e-01   3.9616724e-02
  -1.0990000e+03   9.2884359e-01   3.8410182e-02
  -1.0980000e+03   9.2748013e-01   3.8796135e-02
  -1.0970000e+03   9.2461807e-01   3.9159713e-02
  -1.0960000e+03   9.2197480e-01   4.0602610e-02
  -1.0950000e+03   9.2276402e-01   3.9972290e-02
  -1.0940000e+03   9.2302520e-01   4.1048383e-02
  -1.0930000e+03   9.2458355e-01   4.2580616e-02
  -1.0920000e+03   9.2669495e-01   4.1261273e-02
  -1.0910000e+03   9.2788848e-01   4.0440959e-02
  -1.0900000e+03   9.2620605e-01   4.4713316e-02
  -1.0890000e+03   9.2781733e-01   4.3480766e-02
  -1.0880000e+03   9.2551969e-01   4.2458485e-02
  -1.0870000e+03   9.2015404e-01   4.2808369e-02
  -1.0860000e+03   9.1471182e-01   4.5849666e-02
  -1.0850000e+03   9.1378205e-01   4.8164190e-02
  -1.0840000e+03   9.1729368e-01   4.5789259e-02
  -1.0830000e+03   9.1776946e-01   4.3003750e-02
  -1.0820000e+03   9.2238204e-01   4.0642269e-02
  -1.0810000e+03   9.2518640e-01   3.9824779e-02
  -1.0800000e+03   9.2638308e-01   4.0465305e-02
  -1.0790000e+03   9.2744369e-01   4.2088342e-02
  -1.0780000e+03   9.2806365e-01   4.2014822e-02
  -1.0770000e+03   9.2592830e-01   4.1993685e-02
  -1.0760000e+03   9.2554888e-01   4.0096350e-02
  -1.0750000e+03   9.2507926e-01   3.9404825e-02
  -1.0740000e+03   9.2359135e-01   4.0089042e-02
  -1.0730000e+03   9.1825605e-01   4.5861008e-02
  -1.0720000e+03   9.1974567e-01   4.4271867e-02
  -1.0710000e+03   9.1920148e-01   4.6051501e-02
  -1.0700000e+03   9.2224939e-01   4.4939245e-02
  -1.0690000e+03   9.2367659e-01   4.5092017e-02
  -1.0680000e+03   9.2390774e-01   4.5067034e-02
  -1.0670000e+03   9.2527653e-01   4.2894054e-02
  -1.0660000e+03   9.2573269e-01   4.1733730e-02
  -1.0650000e+03   9.2457076e-01   4.1668864e-02
  -1.0640000e+03   9.2336091e-01   4.1047874e-02
  -1.0630000e+03   9.2134652e-01   4.1507558e-02
  -1.0620000e+03   9.1775839e-01   4.2713132e-02
  -1.0610000e+03   9.1837063e-01   4.1649467e-02
  -1.0600000e+03   9.2023003e-01   4.1564908e-02
  -1.0590000e+03   9.2253317e-01   3.9413697e-02
  -1.0580000e+03   9.2661135e-01   3.7348683e-02
  -1.0570000e+03   9.2849284e-01   3.7334559e-02
  -1.0560000e+03   9.2782312e-01   3.8236101e-02
  -1.0550000e+03   9.2634537e-01   3.8765342e-02
  -1.0540000e+03   9.2309074e-01   4.0648893e-02
  -1.0530000e+03   9.1975304e-01   4.2786309e-02
  -1.0520000e+03   9.1764866e-01   4.4988596e-02
  -1.0510000e+03   9.1617485e-01   4.5490134e-02
  -1.0500000e+03   9.1714576e-01   4.4667835e-02
  -1.0490000e+03   9.1512303e-01   4.7327203e-02
  -1.0480000e+03   9.1689077e-01   4.7785068e-02
  -1.0470000e+03   9.1810275e-01   4.5539528e-02
  -1.0460000e+03   9.1943376e-01   4.6817273e-02
  -1.0450000e+03   9.2141933e-01   4.5709746e-02
  -1.0440000e+03   9.2162727e-01   4.6134940e-02
  -1.0430000e+03   9.2047634e-01   4.7345422e-02
  -1.0420000e+03   9.2067919e-01   4.4954214e-02
  -1.0410000e+03   9.2010170e-01   4.3194059e-02
  -1.0400000e+03   9.2026276e-01   4.4039497e-02
  -1.0390000e+03   9.1982013e-01   4.4861860e-02
  -1.0380000e+03   9.1940935e-01   4.4686766e-02
  -1.0370000e+03   9.2124553e-01   4.2612875e-02
  -1.0360000e+03   9.2330594e-01   4.1583492e-02
  -1.0350000e+03   9.2478506e-01   4.0082518e-02
  -1.0340000e+03   9.2495600e-01   4.0662532e-02
  -1.0330000e+03   9.2366196e-01   4.2358110e-02
  -1.0320000e+03   9.2270068e-01   4.5598169e-02
  -1.0310000e+03   9.2518920e-01   4.2617155e-02
  -1.0300000e+03   9.2425292e-01   4.1920996e-02
  -1.0290000e+03   9.2299938e-01   3.8706317e-02
  -1.0280000e+03   9.2129725e-01   3.9509801e-02
  -1.0270000e+03   9.2192603e-01   3.8184720e-02
  -1.0260000e+03   9.2335801e-01   3.5604942e-02
  -1.0250000e+03   9.2202973e-01   3.5915189e-02
  -1.0240000e+03   9.2123770e-01   3.7240676e-02
  -1.0230000e+03   9.2007209e-01   3.8099474e-02
  -1.0220000e+03   9.1957916e-01   3.6883776e-02
  -1.0210000e+03   9.1886343e-01   3.7962609e-02
  -1.0200000e+03   9.1868445e-01   3.8032227e-02
  -1.0190000e+03   9.1932859e-01   3.8888917e-02
  -1.0180000e+03   9.1969315e-01   3.7230706e-02
  -1.0170000e+03   9.1922781e-01   3.5877334e-02
  -1.0160000e+03   9.1928084e-01   3.5100039e-02
  -1.0150000e+03   9.1844771e-01   3.4860909e-02
  -1.0140000e+03   9.1830833e-01   3.4880075e-02
  -1.0130000e+03   9.1763625e-01   3.3878059e-02
  -1.0120000e+03   9.1739765e-01   3.3553926e-02
  -1.0110000e+03   9.1625358e-01   3.6309799e-02
  -1.0100000e+03   9.1531601e-01   4.1735046e-02
  -1.0090000e+03   9.1355044e-01   4.7127834e-02
  -1.0080000e+03   9.1199168e-01   5.1492867e-02
  -1.0070000e+03   9.1329470e-01   4.6985038e-02
  -1.0060000e+03   9.1605647e-01   4.0480576e-02
  -1.0050000e+03   9.1562501e-01   3.7090990e-02
  -1.0040000e+03   9.1367857e-01   3.7755522e-02
  -1.0030000e+03   9.1512932e-01   3.5744832e-02
  -1.0020000e+03   9.1369829e-01   3.7909191e-02
  -1.0010000e+03   9.1306644e-01   3.7750528e-02
  -1.0000000e+03   9.1331673e-01   3.4937588e-02
  -9.9900000e+02   9.1480104e-01   3.2388001e-02
  -9.9800000e+02   9.1397410e-01   3.0384140e-02
  -9.9700000e+02   9.1036877e-01   2.7830288e-02
  -9.9600000e+02   9.1105532e-01   2.8931234e-02
  -9.9500000e+02   9.1217799e-01   3.2377925e-02
  -9.9400000e+02   9.1671346e-01   3.3009339e-02
  -9.9300000e+02   9.1846376e-01   3.1555346e-02
  -9.9200000e+02   9.2138762e-01   3.0420703e-02
  -9.9100000e+02   9.2445755e-01   3.1664815e-02
  -9.9000000e+02   9.2451578e-01   3.4827404e-02
  -9.8900000e+02   9.2270513e-01   3.7510491e-02
  -9.8800000e+02   9.2256306e-01   3.7472319e-02
  -9.8700000e+02   9.1918478e-01   3.7080427e-02
  -9.8600000e+02   9.1706739e-01   3.7330831e-02
  -9.8500000e+02   9.1810356e-01   3.6511591e-02
  -9.8400000e+02   9.1653923e-01   3.5933259e-02
  -9.8300000e+02   9.1735697e-01   3.4215743e-02
  -9.8200000e+02   9.1963895e-01   3.3485209e-02
  -9.8100000e+02   9.2131338e-01   3.2835799e-02
  -9.8000000e+02   9.2274227e-01   3.4346767e-02
  -9.7900000e+02   9.2403802e-01   3.3935097e-02
  -9.7800000e+02   9.2492930e-01   3.4836816e-02
  -9.7700000e+02   9.2279123e-01   3.4706395e-02
  -9.7600000e+02   9.2032286e-01   3.3962698e-02
  -9.7500000e+02   9.1923214e-01   3.3377139e-02
  -9.7400000e+02   9.1858585e-01   3.4455820e-02
  -9.7300000e+02   9.1476288e-01   3.9270140e-02
  -9.7200000e+02   9.1482158e-01   4.1380294e-02
  -9.7100000e+02   9.1568197e-01   4.4375834e-02
  -9.7000000e+02   9.1751249e-01   4.2793198e-02
  -9.6900000e+02   9.1748802e-01   4.3878347e-02
  -9.6800000e+02   9.2410399e-01   3.9862670e-02
  -9.6700000e+02   9.2509294e-01   3.8890808e-02
  -9.6600000e+02   9.2456427e-01   3.7952372e-02
  -9.6500000e+02   9.2293885e-01   3.7599810e-02
  -9.6400000e+02   9.2228546e-01   3.6304969e-02
  -9.6300000e+02   9.2105944e-01   3.6392867e-02
  -9.6200000e+02   9.1995249e-01   3.6038437e-02
  -9.6100000e+02   9.1951186e-01   3.5262661e-02
  -9.6000000e+02   9.1817144e-01   3.5310119e-02
  -9.5900000e+02   9.1795432e-01   3.4118477e-02
  -9.5800000e+02   9.1857032e-01   3.3347486e-02
  -9.5700000e+02   9.1886828e-01   3.4427862e-02
  -9.5600000e+02   9.1953132e-01   3.5924900e-02
  -9.5500000e+02   9.2066630e-01   3.6169535e-02
  -9.5400000e+02   9.2105307e-01   3.7222570e-02
  -9.5300000e+02   9.2129562e-01   3.6737074e-02
  -9.5200000e+02   9.2142140e-01   3.5767286e-02
  -9.5100000e+02   9.2123423e-01   3.5510423e-02
  -9.5000000e+02   9.2118067e-01   3.5707055e-02
  -9.4900000e+02   9.1769408e-01   3.6792604e-02
  -9.4800000e+02   9.1851239e-01   3.4018279e-02
  -9.4700000e+02   9.1650061e-01   3.5928629e-02
  -9.4600000e+02   9.1755304e-01   3.4766090e-02
  -9.4500000e+02   9.1839924e-01   3.2963719e-02
  -9.4400000e+02   9.2076060e-01   3.3729875e-02
  -9.4300000e+02   9.2126501e-01   3.5460698e-02
  -9.4200000e+02   9.1981794e-01   3.6993802e-02
  -9.4100000e+02   9.1535675e-01   3.7829377e-02
  -9.4000000e+02   9.1549636e-01   3.6898160e-02
  -9.3900000e+02   9.1658768e-01   3.6273254e-02
  -9.3800000e+02   9.1680054e-01   3.5906252e-02
  -9.3700000e+02   9.1838923e-01   3.3348400e-02
  -9.3600000e+02   9.1826402e-01   3.2331876e-02
  -9.3500000e+02   9.1802183e-01   3.1535698e-02
  -9.3400000e+02   9.1879724e-01   3.0477363e-02
  -9.3300000e+02   9.1941876e-01   3.1471432e-02
  -9.3200000e+02   9.2049949e-01   3.4151481e-02
  -9.3100000e+02   9.2226323e-01   3.4596933e-02
  -9.3000000e+02   9.2415674e-01   3.6231589e-02
  -9.2900000e+02   9.2457936e-01   3.7469003e-02
  -9.2800000e+02   9.2626468e-01   3.6894110e-02
  -9.2700000e+02   9.2654834e-01   3.6735933e-02
  -9.2600000e+02   9.2659719e-01   3.6974704e-02
  -9.2500000e+02   9.2680897e-01   3.5111631e-02
  -9.2400000e+02   9.2618681e-01   3.4780647e-02
  -9.2300000e+02   9.2629934e-01   3.5206735e-02
  -9.2200000e+02   9.2547069e-01   3.5530136e-02
  -9.2100000e+02   9.2447203e-01   3.7558733e-02
  -9.2000000e+02   9.2339341e-01   4.0515303e-02
  -9.1900000e+02   9.2594697e-01   3.9236903e-02
  -9.1800000e+02   9.2848116e-01   3.8600611e-02
  -9.1700000e+02   9.2860411e-01   3.8872515e-02
  -9.1600000e+02   9.2967855e-01   3.7600982e-02
  -9.1500000e+02   9.2915036e-01   3.8429841e-02
  -9.1400000e+02   9.2898716e-01   3.8908608e-02
  -9.1300000e+02   9.2942834e-01   3.8947277e-02
  -9.1200000e+02   9.2826957e-01   3.9172265e-02
  -9.1100000e+02   9.2838528e-01   3.8053928e-02
  -9.1000000e+02   9.2957857e-01   3.8174291e-02
  -9.0900000e+02   9.3124094e-01   3.8687890e-02
  -9.0800000e+02   9.3381202e-01   3.8169459e-02
  -9.0700000e+02   9.3359960e-01   3.7927664e-02
  -9.0600000e+02   9.3335811e-01   3.8205164e-02
  -9.0500000e+02   9.3316796e-01   3.8620496e-02
  -9.0400000e+02   9.3388690e-01   3.8281753e-02
  -9.0300000e+02   9.3326173e-01   3.9424245e-02
  -9.0200000e+02   9.3325335e-01   3.9232696e-02
  -9.0100000e+02   9.3447593e-01   3.8512007e-02
  -9.0000000e+02   9.3396096e-01   3.9070416e-02
  -8.9900000e+02   9.3489489e-01   3.6816708e-02
  -8.9800000e+02   9.3528359e-01   3.5921855e-02
  -8.9700000e+02   9.3376003e-01   3.8120256e-02
  -8.9600000e+02   9.3480615e-01   3.6791144e-02
  -8.9500000e+02   9.3383567e-01   3.6568936e-02
  -8.9400000e+02   9.3473594e-01   3.4828024e-02
  -8.9300000e+02   9.3439452e-01   3.6906180e-02
  -8.9200000e+02   9.3570179e-01   3.5872929e-02
  -8.9100000e+02   9.3655462e-01   3.6092249e-02
  -8.9000000e+02   9.3822876e-01   3.6586426e-02
  -8.8900000e+02   9.3880667e-01   3.7157099e-02
  -8.8800000e+02   9.3838419e-01   3.6679034e-02
  -8.8700000e+02   9.3809201e-01   3.3489748e-02
  -8.8600000e+02   9.3924695e-01   3.1525484e-02
  -8.8500000e+02   9.3950829e-01   3.0674964e-02
  -8.8400000e+02   9.3804308e-01   3.1704802e-02
  -8.8300000e+02   9.3789564e-01   3.1854462e-02
  -8.8200000e+02   9.3714703e-01   3.0806590e-02
  -8.8100000e+02   9.3661223e-01   2.9502087e-02
  -8.8000000e+02   9.3671810e-01   2.9568782e-02
  -8.7900000e+02   9.3467326e-01   2.8920109e-02
  -8.7800000e+02   9.3281923e-01   3.1049495e-02
  -8.7700000e+02   9.3207619e-01   3.1440528e-02
  -8.7600000e+02   9.3060423e-01   2.8906574e-02
  -8.7500000e+02   9.2800320e-01   2.8025046e-02
  -8.7400000e+02   9.2788770e-01   2.6364157e-02
  -8.7300000e+02   9.2710273e-01   2.6400060e-02
  -8.7200000e+02   9.2638403e-01   2.3642174e-02
  -8.7100000e+02   9.2794485e-01   2.3778004e-02
  -8.7000000e+02   9.2859785e-01   2.4624286e-02
  -8.6900000e+02   9.3010023e-01   2.6014326e-02
  -8.6800000e+02   9.3198608e-01   2.8964428e-02
  -8.6700000e+02   9.3170481e-01   2.8340107e-02
  -8.6600000e+02   9.3530132e-01   2.8118957e-02
  -8.6500000e+02   9.3627563e-01   2.9569206e-02
  -8.6400000e+02   9.3469406e-01   2.9871033e-02
  -8.6300000e+02   9.3463073e-01   2.9114558e-02
  -8.6200000e+02   9.3375675e-01   2.9537839e-02
  -8.6100000e+02   9.3402001e-01   2.9876615e-02
  -8.6000000e+02   9.3219868e-01   3.3452469e-02
  -8.5900000e+02   9.3270264e-01   3.2882220e-02
  -8.5800000e+02   9.3491131e-01   2.9012746e-02
  -8.5700000e+02   9.3670110e-01   2.6385734e-02
  -8.5600000e+02   9.3641153e-01   2.5473519e-02
  -8.5500000e+02   9.3636491e-01   2.5105860e-02
  -8.5400000e+02   9.3669805e-01   2.5513463e-02
  -8.5300000e+02   9.3818875e-01   2.6651033e-02
  -8.5200000e+02   9.3965374e-01   2.8545393e-02
  -8.5100000e+02   9.3990632e-01   2.9112626e-02
  -8.5000000e+02   9.3969447e-01   2.7448125e-02
  -8.4900000e+02   9.3892686e-01   2.6615117e-02
  -8.4800000e+02   9.3756646e-01   2.6266002e-02
  -8.4700000e+02   9.3689690e-01   2.5503936e-02
  -8.4600000e+02   9.3774998e-01   2.4446378e-02
  -8.4500000e+02   9.3946652e-01   2.2737721e-02
  -8.4400000e+02   9.4024522e-01   2.1842389e-02
  -8.4300000e+02   9.4083591e-01   2.3196880e-02
  -8.4200000e+02   9.4175410e-01   2.4979721e-02
  -8.4100000e+02   9.3966318e-01   2.6363994e-02
  -8.4000000e+02   9.3966424e-01   2.6851047e-02
  -8.3900000e+02   9.4242953e-01   2.4547614e-02
  -8.3800000e+02   9.4336641e-01   2.4168784e-02
  -8.3700000e+02   9.4204304e-01   2.5983848e-02
  -8.3600000e+02   9.4225940e-01   2.6465713e-02
  -8.3500000e+02   9.4230472e-01   2.5950919e-02
  -8.3400000e+02   9.4259625e-01   2.4307155e-02
  -8.3300000e+02   9.4169957e-01   2.3942897e-02
  -8.3200000e+02   9.4237405e-01   2.3145489e-02
  -8.3100000e+02   9.4247249e-01   2.2756067e-02
  -8.3000000e+02   9.4535051e-01   2.2042111e-02
  -8.2900000e+02   9.4758388e-01   2.2343688e-02
  -8.2800000e+02   9.4953623e-01   2.2955336e-02
  -8.2700000e+02   9.5023422e-01   2.2459429e-02
  -8.2600000e+02   9.5066894e-01   2.3089479e-02
  -8.2500000e+02   9.4980493e-01   2.2694840e-02
  -8.2400000e+02   9.4973316e-01   2.2867982e-02
  -8.2300000e+02   9.4820566e-01   2.2454703e-02
  -8.2200000e+02   9.4860241e-01   2.1427615e-02
  -8.2100000e+02   9.4997567e-01   2.0419050e-02
  -8.2000000e+02   9.4990241e-01   2.0166884e-02
  -8.1900000e+02   9.5055197e-01   2.0992499e-02
  -8.1800000e+02   9.5112659e-01   2.2017332e-02
  -8.1700000e+02   9.4974541e-01   2.4554116e-02
  -8.1600000e+02   9.5049593e-01   2.4525350e-02
  -8.1500000e+02   9.5061182e-01   2.4710698e-02
  -8.1400000e+02   9.4979612e-01   2.5126733e-02
  -8.1300000e+02   9.4763973e-01   2.5985218e-02
  -8.1200000e+02   9.4519490e-01   2.8357184e-02
  -8.1100000e+02   9.4613568e-01   2.7252204e-02
  -8.1000000e+02   9.4521288e-01   2.7322590e-02
  -8.0900000e+02   9.4474736e-01   2.8267879e-02
  -8.0800000e+02   9.4432208e-01   2.7826024e-02
  -8.0700000e+02   9.4548308e-01   2.7189880e-02
  -8.0600000e+02   9.4608265e-01   2.7293228e-02
  -8.0500000e+02   9.4537442e-01   2.8420923e-02
  -8.0400000e+02   9.4352322e-01   2.9749408e-02
  -8.0300000e+02   9.4132401e-01   3.1784166e-02
  -8.0200000e+02   9.3957381e-01   3.2922475e-02
  -8.0100000e+02   9.3828455e-01   3.2463109e-02
  -8.0000000e+02   9.3820890e-01   2.9852885e-02
  -7.9900000e+02   9.3760552e-01   2.8145510e-02
  -7.9800000e+02   9.3652657e-01   2.8845148e-02
  -7.9700000e+02   9.3626447e-01   2.9734341e-02
  -7.9600000e+02   9.3591324e-01   3.4007722e-02
  -7.9500000e+02   9.3398110e-01   4.0350549e-02
  -7.9400000e+02   9.3378393e-01   4.2446949e-02
  -7.9300000e+02   9.3088772e-01   4.6171064e-02
  -7.9200000e+02   9.2791466e-01   4.4479147e-02
  -7.9100000e+02   9.2916459e-01   3.9749744e-02
  -7.9000000e+02   9.3045667e-01   3.5512258e-02
  -7.8900000e+02   9.2678637e-01   3.5163103e-02
  -7.8800000e+02   9.2656233e-01   3.3988689e-02
  -7.8700000e+02   9.2791229e-01   3.1959728e-02
  -7.8600000e+02   9.2863230e-01   3.2779301e-02
  -7.8500000e+02   9.2939712e-01   3.5215098e-02
  -7.8400000e+02   9.2952888e-01   3.7636316e-02
  -7.8300000e+02   9.2950251e-01   4.0010583e-02
  -7.8200000e+02   9.3157882e-01   3.8652734e-02
  -7.8100000e+02   9.3190105e-01   3.6944931e-02
  -7.8000000e+02   9.3243927e-01   3.5036817e-02
  -7.7900000e+02   9.3184416e-01   3.4205347e-02
  -7.7800000e+02   9.3089184e-01   3.4191714e-02
  -7.7700000e+02   9.2880727e-01   3.4427860e-02
  -7.7600000e+02   9.2815647e-01   3.6689090e-02
  -7.7500000e+02   9.2864788e-01   3.7007847e-02
  -7.7400000e+02   9.2920939e-01   3.8735116e-02
  -7.7300000e+02   9.3004594e-01   3.7538470e-02
  -7.7200000e+02   9.3042811e-01   3.6784241e-02
  -7.7100000e+02   9.3095623e-01   3.6339506e-02
  -7.7000000e+02   9.2939561e-01   3.8846425e-02
  -7.6900000e+02   9.2889168e-01   3.9296568e-02
  -7.6800000e+02   9.2457373e-01   4.2132109e-02
  -7.6700000e+02   9.2509825e-01   4.0153867e-02
  -7.6600000e+02   9.2396718e-01   4.0789431e-02
  -7.6500000e+02   9.2275556e-01   4.2080188e-02
  -7.6400000e+02   9.2248103e-01   4.3547951e-02
  -7.6300000e+02   9.2437240e-01   4.3825977e-02
  -7.6200000e+02   9.2637119e-01   4.2442788e-02
  -7.6100000e+02   9.2677166e-01   4.1649644e-02
  -7.6000000e+02   9.2759425e-01   4.0665285e-02
  -7.5900000e+02   9.2849083e-01   3.9458057e-02
  -7.5800000e+02   9.2917213e-01   3.8655511e-02
  -7.5700000e+02   9.2906536e-01   3.9103598e-02
  -7.5600000e+02   9.2847493e-01   3.9130972e-02
  -7.5500000e+02   9.2892996e-01   3.8653245e-02
  -7.5400000e+02   9.2854147e-01   3.8709915e-02
  -7.5300000e+02   9.2701430e-01   4.1490401e-02
  -7.5200000e+02   9.2648631e-01   4.3572798e-02
  -7.5100000e+02   9.2634922e-01   4.1147753e-02
  -7.5000000e+02   9.2777871e-01   3.7784870e-02
  -7.4900000e+02   9.2721147e-01   3.7335397e-02
  -7.4800000e+02   9.2727086e-01   3.5730608e-02
  -7.4700000e+02   9.2640267e-01   3.6882103e-02
  -7.4600000e+02   9.2462712e-01   4.1014185e-02
  -7.4500000e+02   9.2480043e-01   3.8682944e-02
  -7.4400000e+02   9.2442213e-01   3.7198764e-02
  -7.4300000e+02   9.2521729e-01   3.5276928e-02
  -7.4200000e+02   9.2594028e-01   3.5408418e-02
  -7.4100000e+02   9.2754401e-01   3.2758473e-02
  -7.4000000e+02   9.2999675e-01   3.0286805e-02
  -7.3900000e+02   9.3126808e-01   3.0373691e-02
  -7.3800000e+02   9.3141706e-01   2.9419467e-02
  -7.3700000e+02   9.3201076e-01   2.7760686e-02
  -7.3600000e+02   9.3035012e-01   2.8024577e-02
  -7.3500000e+02   9.2836869e-01   2.9798428e-02
  -7.3400000e+02   9.2754768e-01   2.7428128e-02
  -7.3300000e+02   9.2659936e-01   2.5676610e-02
  -7.3200000e+02   9.2629385e-01   2.7927165e-02
  -7.3100000e+02   9.2496815e-01   3.0584882e-02
  -7.3000000e+02   9.2579615e-01   3.0572915e-02
  -7.2900000e+02   9.2494357e-01   3.2548702e-02
  -7.2800000e+02   9.2489206e-01   3.0980574e-02
  -7.2700000e+02   9.2501146e-01   2.8768246e-02
  -7.2600000e+02   9.2437490e-01   2.9239855e-02
  -7.2500000e+02   9.2513220e-01   2.7315744e-02
  -7.2400000e+02   9.2358210e-01   2.7054645e-02
  -7.2300000e+02   9.2183981e-01   2.9001266e-02
  -7.2200000e+02   9.2255243e-01   2.7087638e-02
  -7.2100000e+02   9.2291032e-01   2.9583969e-02
  -7.2000000e+02   9.2095163e-01   3.5213406e-02
  -7.1900000e+02   9.2209124e-01   3.4998821e-02
  -7.1800000e+02   9.2384477e-01   3.2375869e-02
  -7.1700000e+02   9.2372582e-01   3.4764563e-02
  -7.1600000e+02   9.2665278e-01   3.2365315e-02
  -7.1500000e+02   9.3105004e-01   2.7106907e-02
  -7.1400000e+02   9.3369394e-01   2.0224304e-02
  -7.1300000e+02   9.3292940e-01   1.8494602e-02
  -7.1200000e+02   9.3342818e-01   1.8576462e-02
  -7.1100000e+02   9.3403376e-01   1.9452841e-02
  -7.1000000e+02   9.3472139e-01   2.0160779e-02
  -7.0900000e+02   9.3514053e-01   2.1860015e-02
  -7.0800000e+02   9.3330903e-01   2.4180612e-02
  -7.0700000e+02   9.3426563e-01   2.2654429e-02
  -7.0600000e+02   9.3366516e-01   2.2158616e-02
  -7.0500000e+02   9.3204204e-01   2.2961180e-02
  -7.0400000e+02   9.2975449e-01   2.7997710e-02
  -7.0300000e+02   9.2973331e-01   2.4649773e-02
  -7.0200000e+02   9.3014965e-01   2.1663187e-02
  -7.0100000e+02   9.3243187e-01   2.0706773e-02
  -7.0000000e+02   9.3284702e-01   2.0161048e-02
  -6.9900000e+02   9.3336995e-01   2.3159002e-02
  -6.9800000e+02   9.3341680e-01   2.7228924e-02
  -6.9700000e+02   9.3456440e-01   2.7625087e-02
  -6.9600000e+02   9.3414085e-01   2.9863746e-02
  -6.9500000e+02   9.3478547e-01   2.8900264e-02
  -6.9400000e+02   9.3553501e-01   2.9328018e-02
  -6.9300000e+02   9.3646757e-01   2.9010414e-02
  -6.9200000e+02   9.3698630e-01   2.9932814e-02
  -6.9100000e+02   9.3860226e-01   2.9704115e-02
  -6.9000000e+02   9.3911125e-01   3.1288917e-02
  -6.8900000e+02   9.3806633e-01   3.0929777e-02
  -6.8800000e+02   9.3821931e-01   3.1228757e-02
  -6.8700000e+02   9.3948327e-01   3.1413108e-02
  -6.8600000e+02   9.3979577e-01   2.9940006e-02
  -6.8500000e+02   9.3848637e-01   2.8306258e-02
  -6.8400000e+02   9.3613197e-01   2.9824819e-02
  -6.8300000e+02   9.3453593e-01   2.9517548e-02
  -6.8200000e+02   9.3579064e-01   2.9415511e-02
  -6.8100000e+02   9.3803426e-01   2.8698891e-02
  -6.8000000e+02   9.3965398e-01   2.8338864e-02
  -6.7900000e+02   9.4066115e-01   2.7800822e-02
  -6.7800000e+02   9.3840598e-01   3.0624414e-02
  -6.7700000e+02   9.3760377e-01   3.1297552e-02
  -6.7600000e+02   9.3750850e-01   3.3008697e-02
  -6.7500000e+02   9.3696182e-01   3.5661151e-02
  -6.7400000e+02   9.3763635e-01   3.4485683e-02
  -6.7300000e+02   9.3711368e-01   3.4467942e-02
  -6.7200000e+02   9.3629580e-01   3.4609319e-02
  -6.7100000e+02   9.3825348e-01   3.0828082e-02
  -6.7000000e+02   9.3957111e-01   3.0356531e-02
  -6.6900000e+02   9.4023252e-01   3.1257531e-02
  -6.6800000e+02   9.4001877e-01   3.0789341e-02
  -6.6700000e+02   9.3969584e-01   3.0712315e-02
  -6.6600000e+02   9.3903123e-01   3.1064942e-02
  -6.6500000e+02   9.3760432e-01   3.2951249e-02
  -6.6400000e+02   9.3575855e-01   3.6139334e-02
  -6.6300000e+02   9.3564795e-01   3.4381286e-02
  -6.6200000e+02   9.3601203e-01   3.2987989e-02
  -6.6100000e+02   9.3627357e-01   3.1240853e-02
  -6.6000000e+02   9.3643255e-01   3.0187612e-02
  -6.5900000e+02   9.3682810e-01   2.9117977e-02
  -6.5800000e+02   9.3822303e-01   2.9083438e-02
  -6.5700000e+02   9.4028520e-01   2.8309148e-02
  -6.5600000e+02   9.4189185e-01   2.7206843e-02
  -6.5500000e+02   9.4363513e-01   2.7126871e-02
  -6.5400000e+02   9.4368707e-01   2.7522559e-02
  -6.5300000e+02   9.4210826e-01   3.0056864e-02
  -6.5200000e+02   9.4057761e-01   3.3776959e-02
  -6.5100000e+02   9.4084327e-01   3.5235088e-02
  -6.5000000e+02   9.4194283e-01   3.7439366e-02
  -6.4900000e+02   9.4340255e-01   3.7686884e-02
  -6.4800000e+02   9.4263748e-01   4.1173140e-02
  -6.4700000e+02   9.4093025e-01   4.3930298e-02
  -6.4600000e+02   9.4013050e-01   4.4740816e-02
  -6.4500000e+02   9.3970903e-01   4.5117102e-02
  -6.4400000e+02   9.4028313e-01   4.3854030e-02
  -6.4300000e+02   9.4064283e-01   4.4019645e-02
  -6.4200000e+02   9.4130928e-01   4.2651424e-02
  -6.4100000e+02   9.4236146e-01   4.0135950e-02
  -6.4000000e+02   9.4318899e-01   3.8811311e-02
  -6.3900000e+02   9.4289116e-01   3.7824212e-02
  -6.3800000e+02   9.4221900e-01   3.8459736e-02
  -6.3700000e+02   9.4044864e-01   4.1319323e-02
  -6.3600000e+02   9.3879154e-01   4.4312188e-02
  -6.3500000e+02   9.3899209e-01   4.4012135e-02
  -6.3400000e+02   9.3909684e-01   4.5766045e-02
  -6.3300000e+02   9.4097535e-01   4.3792880e-02
  -6.3200000e+02   9.4154791e-01   4.2606327e-02
  -6.3100000e+02   9.4321983e-01   3.9948776e-02
  -6.3000000e+02   9.4274049e-01   3.9327424e-02
  -6.2900000e+02   9.4335915e-01   3.8274340e-02
  -6.2800000e+02   9.4203147e-01   3.8856817e-02
  -6.2700000e+02   9.4133513e-01   3.9098933e-02
  -6.2600000e+02   9.3869950e-01   4.2004938e-02
  -6.2500000e+02   9.3692839e-01   4.5045375e-02
  -6.2400000e+02   9.3542979e-01   4.6007521e-02
  -6.2300000e+02   9.3389917e-01   4.8183865e-02
  -6.2200000e+02   9.3492174e-01   4.6859016e-02
  -6.2100000e+02   9.3637047e-01   4.4481346e-02
  -6.2000000e+02   9.3645318e-01   4.3521850e-02
  -6.1900000e+02   9.3668188e-01   4.3068358e-02
  -6.1800000e+02   9.3493001e-01   4.4721444e-02
  -6.1700000e+02   9.3499235e-01   4.2901548e-02
  -6.1600000e+02   9.3462907e-01   4.3774652e-02
  -6.1500000e+02   9.3352098e-01   4.6476610e-02
  -6.1400000e+02   9.3455357e-01   4.5990901e-02
  -6.1300000e+02   9.3273119e-01   5.0799609e-02
  -6.1200000e+02   9.3256089e-01   5.2038172e-02
  -6.1100000e+02   9.3342204e-01   5.1194602e-02
  -6.1000000e+02   9.3796502e-01   4.3616550e-02
  -6.0900000e+02   9.3828062e-01   4.3820146e-02
  -6.0800000e+02   9.3912730e-01   4.0054463e-02
  -6.0700000e+02   9.3913929e-01   3.8975255e-02
  -6.0600000e+02   9.3723555e-01   3.8925908e-02
  -6.0500000e+02   9.3722477e-01   3.9130068e-02
  -6.0400000e+02   9.3636519e-01   3.9915406e-02
  -6.0300000e+02   9.3458275e-01   4.0158466e-02
  -6.0200000e+02   9.3328056e-01   4.2933793e-02
  -6.0100000e+02   9.3281144e-01   4.6220431e-02
  -6.0000000e+02   9.3333767e-01   4.7788237e-02
  -5.9900000e+02   9.3355144e-01   4.6818252e-02
  -5.9800000e+02   9.3546856e-01   4.2862459e-02
  -5.9700000e+02   9.3414807e-01   4.2117345e-02
  -5.9600000e+02   9.3537869e-01   4.0943280e-02
  -5.9500000e+02   9.3449553e-01   4.0659109e-02
  -5.9400000e+02   9.3346765e-01   4.1589525e-02
  -5.9300000e+02   9.3193516e-01   4.2898045e-02
  -5.9200000e+02   9.3090227e-01   4.3766502e-02
  -5.9100000e+02   9.3114090e-01   4.4479415e-02
  -5.9000000e+02   9.3095459e-01   4.7164446e-02
  -5.8900000e+02   9.2819126e-01   4.8943938e-02
  -5.8800000e+02   9.2837759e-01   4.9035875e-02
  -5.8700000e+02   9.2980772e-01   4.7743872e-02
  -5.8600000e+02   9.3033546e-01   4.5820635e-02
  -5.8500000e+02   9.3213719e-01   4.3341816e-02
  -5.8400000e+02   9.3151747e-01   4.3216233e-02
  -5.8300000e+02   9.2730876e-01   4.7366471e-02
  -5.8200000e+02   9.2386505e-01   4.9440516e-02
  -5.8100000e+02   9.2286331e-01   4.6810292e-02
  -5.8000000e+02   9.2336043e-01   4.3198758e-02
  -5.7900000e+02   9.2477919e-01   4.1346308e-02
  -5.7800000e+02   9.2567872e-01   4.1103585e-02
  -5.7700000e+02   9.2641862e-01   3.9131379e-02
  -5.7600000e+02   9.2834881e-01   3.6281506e-02
  -5.7500000e+02   9.2814784e-01   3.4497007e-02
  -5.7400000e+02   9.2766183e-01   3.3402828e-02
  -5.7300000e+02   9.2584835e-01   3.4143083e-02
  -5.7200000e+02   9.2452744e-01   3.4515876e-02
  -5.7100000e+02   9.2436659e-01   3.7380533e-02
  -5.7000000e+02   9.2465398e-01   3.5138035e-02
  -5.6900000e+02   9.2582585e-01   3.3417881e-02
  -5.6800000e+02   9.2447075e-01   3.3442377e-02
  -5.6700000e+02   9.2617300e-01   3.2437046e-02
  -5.6600000e+02   9.2883896e-01   3.2313763e-02
  -5.6500000e+02   9.2905849e-01   3.1780422e-02
  -5.6400000e+02   9.2793359e-01   3.4639318e-02
  -5.6300000e+02   9.2967141e-01   3.2871296e-02
  -5.6200000e+02   9.2953984e-01   3.2165035e-02
  -5.6100000e+02   9.2924907e-01   3.2391161e-02
  -5.6000000e+02   9.2974619e-01   3.5071572e-02
  -5.5900000e+02   9.2995237e-01   3.6686938e-02
  -5.5800000e+02   9.2972241e-01   3.4601335e-02
  -5.5700000e+02   9.3077703e-01   3.2405354e-02
  -5.5600000e+02   9.3170399e-01   3.1426451e-02
  -5.5500000e+02   9.3452261e-01   3.0492263e-02
  -5.5400000e+02   9.3494095e-01   3.1315149e-02
  -5.5300000e+02   9.3235614e-01   3.4489069e-02
  -5.5200000e+02   9.2969073e-01   3.5358486e-02
  -5.5100000e+02   9.2812947e-01   3.4473369e-02
  -5.5000000e+02   9.2827820e-01   3.4497274e-02
  -5.4900000e+02   9.2907965e-01   3.4121769e-02
  -5.4800000e+02   9.2923744e-01   3.5567914e-02
  -5.4700000e+02   9.2994637e-01   3.5628678e-02
  -5.4600000e+02   9.3041698e-01   3.4289695e-02
  -5.4500000e+02   9.2976690e-01   3.5770949e-02
  -5.4400000e+02   9.3061815e-01   3.6593178e-02
  -5.4300000e+02   9.3020496e-01   3.9516796e-02
  -5.4200000e+02   9.2879551e-01   4.2623367e-02
  -5.4100000e+02   9.2586125e-01   4.7409253e-02
  -5.4000000e+02   9.2339537e-01   4.9939523e-02
  -5.3900000e+02   9.2214716e-01   4.8538499e-02
  -5.3800000e+02   9.2342910e-01   4.6104982e-02
  -5.3700000e+02   9.2486782e-01   4.3668714e-02
  -5.3600000e+02   9.2592548e-01   4.3554400e-02
  -5.3500000e+02   9.2633739e-01   4.4661921e-02
  -5.3400000e+02   9.2609459e-01   4.5882572e-02
  -5.3300000e+02   9.2681745e-01   4.6034580e-02
  -5.3200000e+02   9.2764386e-01   4.6020528e-02
  -5.3100000e+02   9.2842795e-01   4.4890565e-02
  -5.3000000e+02   9.2751311e-01   4.8130957e-02
  -5.2900000e+02   9.2617104e-01   4.9742042e-02
  -5.2800000e+02   9.2646071e-01   4.5865313e-02
  -5.2700000e+02   9.2471554e-01   4.5512749e-02
  -5.2600000e+02   9.2606855e-01   4.2773865e-02
  -5.2500000e+02   9.2675031e-01   4.1400897e-02
  -5.2400000e+02   9.2659470e-01   3.9651591e-02
  -5.2300000e+02   9.2693142e-01   4.0686718e-02
  -5.2200000e+02   9.2679875e-01   4.0868520e-02
  -5.2100000e+02   9.2715038e-01   4.1406714e-02
  -5.2000000e+02   9.2629238e-01   4.1785777e-02
  -5.1900000e+02   9.2633283e-01   4.1806742e-02
  -5.1800000e+02   9.2784356e-01   4.0911505e-02
  -5.1700000e+02   9.2850351e-01   3.8859498e-02
  -5.1600000e+02   9.2889902e-01   3.9834776e-02
  -5.1500000e+02   9.2854128e-01   4.0541417e-02
  -5.1400000e+02   9.2958989e-01   4.0668179e-02
  -5.1300000e+02   9.3188154e-01   3.6202047e-02
  -5.1200000e+02   9.3226729e-01   3.4643997e-02
  -5.1100000e+02   9.3177254e-01   3.3490461e-02
  -5.1000000e+02   9.3294878e-01   3.3551608e-02
  -5.0900000e+02   9.3214966e-01   3.4984816e-02
  -5.0800000e+02   9.3316645e-01   3.4060499e-02
  -5.0700000e+02   9.3311720e-01   3.4600292e-02
  -5.0600000e+02   9.3330644e-01   3.3394090e-02
  -5.0500000e+02   9.3322800e-01   3.6079287e-02
  -5.0400000e+02   9.3280233e-01   3.6412139e-02
  -5.0300000e+02   9.3225341e-01   3.4088903e-02
  -5.0200000e+02   9.3183792e-01   3.1384884e-02
  -5.0100000e+02   9.3172346e-01   2.8893312e-02
  -5.0000000e+02   9.3274667e-01   2.6773406e-02
  -4.9900000e+02   9.3171587e-01   2.7759114e-02
  -4.9800000e+02   9.3214897e-01   2.7298687e-02
  -4.9700000e+02   9.3126046e-01   2.8695061e-02
  -4.9600000e+02   9.3147357e-01   2.9604826e-02
  -4.9500000e+02   9.3143879e-01   3.0608862e-02
  -4.9400000e+02   9.3186672e-01   3.4207449e-02
  -4.9300000e+02   9.3137503e-01   3.8854242e-02
  -4.9200000e+02   9.3082765e-01   4.3077965e-02
  -4.9100000e+02   9.3189782e-01   4.2908468e-02
  -4.9000000e+02   9.3372346e-01   3.8799803e-02
  -4.8900000e+02   9.3424153e-01   3.6434483e-02
  -4.8800000e+02   9.3464859e-01   3.3720489e-02
  -4.8700000e+02   9.3301809e-01   3.3979275e-02
  -4.8600000e+02   9.3307288e-01   3.3282914e-02
  -4.8500000e+02   9.3323231e-01   3.4340158e-02
  -4.8400000e+02   9.3247777e-01   3.3313766e-02
  -4.8300000e+02   9.3114334e-01   3.1466482e-02
  -4.8200000e+02   9.2964874e-01   3.1186747e-02
  -4.8100000e+02   9.3001186e-01   3.0965804e-02
  -4.8000000e+02   9.2899027e-01   3.1986165e-02
  -4.7900000e+02   9.2883276e-01   3.2271254e-02
  -4.7800000e+02   9.2887519e-01   3.1103187e-02
  -4.7700000e+02   9.2726408e-01   3.1859972e-02
  -4.7600000e+02   9.2755422e-01   3.0239015e-02
  -4.7500000e+02   9.2562557e-01   3.2701421e-02
  -4.7400000e+02   9.2223357e-01   3.2508878e-02
  -4.7300000e+02   9.2104586e-01   3.2691327e-02
  -4.7200000e+02   9.2138791e-01   3.3759951e-02
  -4.7100000e+02   9.2001192e-01   3.6038710e-02
  -4.7000000e+02   9.2191847e-01   3.2363180e-02
  -4.6900000e+02   9.2392873e-01   3.1486829e-02
  -4.6800000e+02   9.2588299e-01   2.8584243e-02
  -4.6700000e+02   9.2819534e-01   2.5812592e-02
  -4.6600000e+02   9.2893022e-01   2.5594882e-02
  -4.6500000e+02   9.3029075e-01   2.4365313e-02
  -4.6400000e+02   9.2834734e-01   2.5983102e-02
  -4.6300000e+02   9.2773472e-01   2.5075116e-02
  -4.6200000e+02   9.2572522e-01   2.6318787e-02
  -4.6100000e+02   9.2350252e-01   2.5610264e-02
  -4.6000000e+02   9.2181995e-01   2.6581257e-02
  -4.5900000e+02   9.2257567e-01   2.5621433e-02
  -4.5800000e+02   9.2144808e-01   2.7978751e-02
  -4.5700000e+02   9.2295878e-01   2.7219609e-02
  -4.5600000e+02   9.2105500e-01   3.1511379e-02
  -4.5500000e+02   9.2194542e-01   3.2382756e-02
  -4.5400000e+02   9.2455525e-01   3.0979946e-02
  -4.5300000e+02   9.2755488e-01   3.0406130e-02
  -4.5200000e+02   9.2735745e-01   3.1940260e-02
  -4.5100000e+02   9.2665812e-01   3.2822724e-02
  -4.5000000e+02   9.2369274e-01   3.3495222e-02
  -4.4900000e+02   9.2022063e-01   3.4232721e-02
  -4.4800000e+02   9.2033795e-01   3.4624013e-02
  -4.4700000e+02   9.2026184e-01   3.4642859e-02
  -4.4600000e+02   9.2220137e-01   3.3655487e-02
  -4.4500000e+02   9.2366374e-01   3.3141073e-02
  -4.4400000e+02   9.2436395e-01   3.3617943e-02
  -4.4300000e+02   9.2582413e-01   3.1989565e-02
  -4.4200000e+02   9.2867129e-01   3.0323978e-02
  -4.4100000e+02   9.2846055e-01   3.0155097e-02
  -4.4000000e+02   9.2863676e-01   3.0382286e-02
  -4.3900000e+02   9.2555268e-01   3.3017507e-02
  -4.3800000e+02   9.2188875e-01   3.7386031e-02
  -4.3700000e+02   9.2022190e-01   3.8887697e-02
  -4.3600000e+02   9.2179029e-01   3.5588227e-02
  -4.3500000e+02   9.2181185e-01   3.4290716e-02
  -4.3400000e+02   9.2282104e-01   3.3411680e-02
  -4.3300000e+02   9.2263179e-01   3.6451095e-02
  -4.3200000e+02   9.2230728e-01   3.9630660e-02
  -4.3100000e+02   9.2506754e-01   3.7411678e-02
  -4.3000000e+02   9.2918690e-01   3.6101656e-02
  -4.2900000e+02   9.3156449e-01   3.5110070e-02
  -4.2800000e+02   9.3204111e-01   3.5587637e-02
  -4.2700000e+02   9.3125862e-01   3.5347430e-02
  -4.2600000e+02   9.2875475e-01   3.5602816e-02
  -4.2500000e+02   9.2814535e-01   3.5157915e-02
  -4.2400000e+02   9.3010208e-01   3.0530546e-02
  -4.2300000e+02   9.3173229e-01   2.9101654e-02
  -4.2200000e+02   9.3106029e-01   2.8576004e-02
  -4.2100000e+02   9.3088809e-01   2.7652246e-02
  -4.2000000e+02   9.3031153e-01   2.7749221e-02
  -4.1900000e+02   9.3080667e-01   2.8062726e-02
  -4.1800000e+02   9.3423380e-01   2.8301480e-02
  -4.1700000e+02   9.3723740e-01   3.0228195e-02
  -4.1600000e+02   9.3748253e-01   2.9541020e-02
  -4.1500000e+02   9.3458664e-01   3.3832535e-02
  -4.1400000e+02   9.3262789e-01   3.4717221e-02
  -4.1300000e+02   9.3349190e-01   3.1082133e-02
  -4.1200000e+02   9.3383807e-01   2.7594879e-02
  -4.1100000e+02   9.3420870e-01   2.7531205e-02
  -4.1000000e+02   9.3417253e-01   2.8205505e-02
  -4.0900000e+02   9.3402305e-01   2.9374173e-02
  -4.0800000e+02   9.3407409e-01   2.9429436e-02
  -4.0700000e+02   9.3629273e-01   2.8759384e-02
  -4.0600000e+02   9.3841109e-01   2.7977804e-02
  -4.0500000e+02   9.4094611e-01   2.6790126e-02
  -4.0400000e+02   9.4208017e-01   2.6134332e-02
  -4.0300000e+02   9.4138983e-01   2.7589581e-02
  -4.0200000e+02   9.3842074e-01   3.0615901e-02
  -4.0100000e+02   9.3441721e-01   3.0993534e-02
  -4.0000000e+02   9.3168268e-01   2.9120244e-02
  -3.9900000e+02   9.3081820e-01   2.9853782e-02
  -3.9800000e+02   9.3224575e-01   2.6951603e-02
  -3.9700000e+02   9.3277583e-01   2.6527419e-02
  -3.9600000e+02   9.3383652e-01   2.8290221e-02
  -3.9500000e+02   9.3439629e-01   2.9028134e-02
  -3.9400000e+02   9.3592587e-01   2.9082868e-02
  -3.9300000e+02   9.3725047e-01   3.0759044e-02
  -3.9200000e+02   9.3747599e-01   3.1987313e-02
  -3.9100000e+02   9.3577894e-01   3.4094081e-02
  -3.9000000e+02   9.3351255e-01   3.5184687e-02
  -3.8900000e+02   9.3159227e-01   3.4082720e-02
  -3.8800000e+02   9.3034995e-01   3.2504803e-02
  -3.8700000e+02   9.3132709e-01   2.9644795e-02
  -3.8600000e+02   9.3146467e-01   2.9143699e-02
  -3.8500000e+02   9.3201747e-01   2.9728729e-02
  -3.8400000e+02   9.3192225e-01   3.0598621e-02
  -3.8300000e+02   9.3526895e-01   3.0384993e-02
  -3.8200000e+02   9.3624304e-01   3.1757344e-02
  -3.8100000e+02   9.3619078e-01   3.4381895e-02
  -3.8000000e+02   9.3526336e-01   3.8296060e-02
  -3.7900000e+02   9.3540138e-01   3.9537201e-02
  -3.7800000e+02   9.3426262e-01   4.1405671e-02
  -3.7700000e+02   9.3170510e-01   4.2385361e-02
  -3.7600000e+02   9.3307326e-01   3.8279761e-02
  -3.7500000e+02   9.3306141e-01   3.5900062e-02
  -3.7400000e+02   9.3324680e-01   3.4150958e-02
  -3.7300000e+02   9.3256245e-01   3.3980006e-02
  -3.7200000e+02   9.3260643e-01   3.3621328e-02
  -3.7100000e+02   9.3375893e-01   3.2988807e-02
  -3.7000000e+02   9.3503747e-01   3.4040690e-02
  -3.6900000e+02   9.3638810e-01   3.5767019e-02
  -3.6800000e+02   9.3619145e-01   3.9434307e-02
  -3.6700000e+02   9.3538858e-01   4.0442853e-02
  -3.6600000e+02   9.3428898e-01   3.9291373e-02
  -3.6500000e+02   9.3311538e-01   3.7586208e-02
  -3.6400000e+02   9.3304476e-01   3.6720825e-02
  -3.6300000e+02   9.3297649e-01   3.4924103e-02
  -3.6200000e+02   9.3345619e-01   3.2533878e-02
  -3.6100000e+02   9.3362521e-01   3.3213151e-02
  -3.6000000e+02   9.3361199e-01   3.2948686e-02
  -3.5900000e+02   9.3410449e-01   3.2855341e-02
  -3.5800000e+02   9.3446259e-01   3.4066421e-02
  -3.5700000e+02   9.3444192e-01   3.6271886e-02
  -3.5600000e+02   9.3556203e-01   3.9138279e-02
  -3.5500000e+02   9.3592707e-01   3.9234476e-02
  -3.5400000e+02   9.3548772e-01   4.0099783e-02
  -3.5300000e+02   9.3600698e-01   3.7478165e-02
  -3.5200000e+02   9.3328191e-01   3.8188607e-02
  -3.5100000e+02   9.3231274e-01   3.7713825e-02
  -3.5000000e+02   9.3022093e-01   3.8083685e-02
  -3.4900000e+02   9.2763059e-01   4.1350918e-02
  -3.4800000e+02   9.2720330e-01   3.9023424e-02
  -3.4700000e+02   9.2721647e-01   3.8209760e-02
  -3.4600000e+02   9.2771649e-01   3.8214428e-02
  -3.4500000e+02   9.2814166e-01   3.8697697e-02
  -3.4400000e+02   9.2884199e-01   3.8300638e-02
  -3.4300000e+02   9.2916522e-01   3.7451811e-02
  -3.4200000e+02   9.2791275e-01   3.8902411e-02
  -3.4100000e+02   9.2803038e-01   4.0298635e-02
  -3.4000000e+02   9.2795236e-01   4.0118820e-02
  -3.3900000e+02   9.2728727e-01   4.1173070e-02
  -3.3800000e+02   9.2751922e-01   4.0352590e-02
  -3.3700000e+02   9.2661309e-01   4.0799245e-02
  -3.3600000e+02   9.2772085e-01   4.0037589e-02
  -3.3500000e+02   9.2788435e-01   4.1142749e-02
  -3.3400000e+02   9.2970385e-01   3.9286741e-02
  -3.3300000e+02   9.3173963e-01   3.7175577e-02
  -3.3200000e+02   9.3275780e-01   3.5413231e-02
  -3.3100000e+02   9.3582156e-01   3.4077281e-02
  -3.3000000e+02   9.3768842e-01   3.2875428e-02
  -3.2900000e+02   9.3774190e-01   3.2458991e-02
  -3.2800000e+02   9.3653584e-01   3.2881995e-02
  -3.2700000e+02   9.3568083e-01   3.2572111e-02
  -3.2600000e+02   9.3415039e-01   3.3764328e-02
  -3.2500000e+02   9.3221893e-01   3.4116685e-02
  -3.2400000e+02   9.3079277e-01   3.3756490e-02
  -3.2300000e+02   9.3259239e-01   3.2527308e-02
  -3.2200000e+02   9.3470526e-01   3.3133992e-02
  -3.2100000e+02   9.3509721e-01   3.5581515e-02
  -3.2000000e+02   9.3610729e-01   3.4712784e-02
  -3.1900000e+02   9.3683755e-01   3.1494738e-02
  -3.1800000e+02   9.3727824e-01   2.9732944e-02
  -3.1700000e+02   9.3735855e-01   2.9464071e-02
  -3.1600000e+02   9.3773832e-01   2.9393398e-02
  -3.1500000e+02   9.3576547e-01   3.1629034e-02
  -3.1400000e+02   9.3585065e-01   3.1312127e-02
  -3.1300000e+02   9.3499365e-01   3.0800620e-02
  -3.1200000e+02   9.3252980e-01   3.0898313e-02
  -3.1100000e+02   9.3385238e-01   3.0286985e-02
  -3.1000000e+02   9.3427903e-01   3.0734063e-02
  -3.0900000e+02   9.3566863e-01   2.7100048e-02
  -3.0800000e+02   9.3497248e-01   2.6527297e-02
  -3.0700000e+02   9.3469988e-01   2.5979609e-02
  -3.0600000e+02   9.3480419e-01   2.6978171e-02
  -3.0500000e+02   9.3439694e-01   2.9266963e-02
  -3.0400000e+02   9.3491609e-01   2.9773202e-02
  -3.0300000e+02   9.3453709e-01   3.0400611e-02
  -3.0200000e+02   9.3272399e-01   3.1284640e-02
  -3.0100000e+02   9.3256216e-01   3.0749445e-02
  -3.0000000e+02   9.3086363e-01   2.8787096e-02
  -2.9900000e+02   9.2986501e-01   3.0303797e-02
  -2.9800000e+02   9.3013099e-01   3.0109285e-02
  -2.9700000e+02   9.3149941e-01   2.8254675e-02
  -2.9600000e+02   9.3339491e-01   2.7432178e-02
  -2.9500000e+02   9.3465543e-01   2.7458834e-02
  -2.9400000e+02   9.3291824e-01   2.8965593e-02
  -2.9300000e+02   9.3361674e-01   3.0631625e-02
  -2.9200000e+02   9.3548626e-01   2.8295442e-02
  -2.9100000e+02   9.3715407e-01   2.6729098e-02
  -2.9000000e+02   9.3685764e-01   2.6448934e-02
  -2.8900000e+02   9.3440001e-01   2.8289689e-02
  -2.8800000e+02   9.3016103e-01   3.2476328e-02
  -2.8700000e+02   9.2864610e-01   3.3498341e-02
  -2.8600000e+02   9.2935413e-01   3.2700110e-02
  -2.8500000e+02   9.2980341e-01   3.1299518e-02
  -2.8400000e+02   9.2929565e-01   2.9139285e-02
  -2.8300000e+02   9.2999503e-01   2.9066147e-02
  -2.8200000e+02   9.2780444e-01   3.0588519e-02
  -2.8100000e+02   9.2867281e-01   3.1371652e-02
  -2.8000000e+02   9.2827002e-01   3.2152069e-02
  -2.7900000e+02   9.2939039e-01   2.9336613e-02
  -2.7800000e+02   9.3012661e-01   2.6387630e-02
  -2.7700000e+02   9.2920659e-01   2.5031625e-02
  -2.7600000e+02   9.2799182e-01   2.3807357e-02
  -2.7500000e+02   9.2618897e-01   2.5105223e-02
  -2.7400000e+02   9.2750837e-01   2.6105134e-02
  -2.7300000e+02   9.2797277e-01   2.7454099e-02
  -2.7200000e+02   9.2815133e-01   2.9714959e-02
  -2.7100000e+02   9.2743443e-01   3.0361822e-02
  -2.7000000e+02   9.2734553e-01   3.0177238e-02
  -2.6900000e+02   9.2746555e-01   3.0664824e-02
  -2.6800000e+02   9.2777382e-01   2.8924316e-02
  -2.6700000e+02   9.2683476e-01   2.8029401e-02
  -2.6600000e+02   9.2534387e-01   2.8057204e-02
  -2.6500000e+02   9.2392968e-01   2.7863396e-02
  -2.6400000e+02   9.2195877e-01   2.8046955e-02
  -2.6300000e+02   9.2041162e-01   2.9518445e-02
  -2.6200000e+02   9.2080190e-01   2.9891434e-02
  -2.6100000e+02   9.2083613e-01   3.2895856e-02
  -2.6000000e+02   9.2151501e-01   3.3048159e-02
  -2.5900000e+02   9.2185361e-01   3.3938782e-02
  -2.5800000e+02   9.2030312e-01   3.5298624e-02
  -2.5700000e+02   9.1849900e-01   3.6411209e-02
  -2.5600000e+02   9.1815550e-01   3.6216485e-02
  -2.5500000e+02   9.1690594e-01   3.6168772e-02
  -2.5400000e+02   9.1591582e-01   3.6805701e-02
  -2.5300000e+02   9.1445391e-01   3.9188754e-02
  -2.5200000e+02   9.1260033e-01   4.2440545e-02
  -2.5100000e+02   9.1226785e-01   4.5243363e-02
  -2.5000000e+02   9.1485662e-01   4.5685590e-02
  -2.4900000e+02   9.1883825e-01   4.1785671e-02
  -2.4800000e+02   9.2140265e-01   3.9769257e-02
  -2.4700000e+02   9.2268727e-01   3.9030140e-02
  -2.4600000e+02   9.2269093e-01   3.9901605e-02
  -2.4500000e+02   9.2266959e-01   4.1042358e-02
  -2.4400000e+02   9.2258258e-01   4.3360229e-02
  -2.4300000e+02   9.2321548e-01   4.1542139e-02
  -2.4200000e+02   9.2073869e-01   4.1716382e-02
  -2.4100000e+02   9.2099415e-01   4.1267935e-02
  -2.4000000e+02   9.1960766e-01   4.2014049e-02
  -2.3900000e+02   9.2190885e-01   4.0411991e-02
  -2.3800000e+02   9.2350829e-01   3.9659612e-02
  -2.3700000e+02   9.2409105e-01   3.9483083e-02
  -2.3600000e+02   9.2467787e-01   3.8471617e-02
  -2.3500000e+02   9.2632066e-01   3.6752886e-02
  -2.3400000e+02   9.2479920e-01   3.8824307e-02
  -2.3300000e+02   9.2522713e-01   4.0645439e-02
  -2.3200000e+02   9.2654345e-01   3.9139107e-02
  -2.3100000e+02   9.2931347e-01   3.6886583e-02
  -2.3000000e+02   9.3030902e-01   3.4549078e-02
  -2.2900000e+02   9.3071045e-01   3.3002830e-02
  -2.2800000e+02   9.2987188e-01   3.3080150e-02
  -2.2700000e+02   9.3139987e-01   3.1719361e-02
  -2.2600000e+02   9.3188621e-01   3.3073724e-02
  -2.2500000e+02   9.3278266e-01   3.3074331e-02
  -2.2400000e+02   9.3300094e-01   2.9843607e-02
  -2.2300000e+02   9.3418030e-01   2.9155974e-02
  -2.2200000e+02   9.3504690e-01   2.9514604e-02
  -2.2100000e+02   9.3374605e-01   3.0526241e-02
  -2.2000000e+02   9.3409011e-01   2.9709097e-02
  -2.1900000e+02   9.3367376e-01   2.9966241e-02
  -2.1800000e+02   9.3227193e-01   2.9972559e-02
  -2.1700000e+02   9.3084124e-01   3.2507054e-02
  -2.1600000e+02   9.2845495e-01   3.4936724e-02
  -2.1500000e+02   9.2631048e-01   4.3122193e-02
  -2.1400000e+02   9.2733384e-01   4.3178579e-02
  -2.1300000e+02   9.2895745e-01   3.9044617e-02
  -2.1200000e+02   9.2974448e-01   3.8252435e-02
  -2.1100000e+02   9.3098729e-01   3.8374189e-02
  -2.1000000e+02   9.3071974e-01   4.0005970e-02
  -2.0900000e+02   9.3196977e-01   3.7506369e-02
  -2.0800000e+02   9.3291924e-01   3.5002056e-02
  -2.0700000e+02   9.3362490e-01   3.1928944e-02
  -2.0600000e+02   9.3430194e-01   2.8379979e-02
  -2.0500000e+02   9.3404897e-01   2.6838887e-02
  -2.0400000e+02   9.3572679e-01   2.4536478e-02
  -2.0300000e+02   9.3611904e-01   2.5073429e-02
  -2.0200000e+02   9.3529070e-01   2.5586391e-02
  -2.0100000e+02   9.3794444e-01   2.4351571e-02
  -2.0000000e+02   9.3828340e-01   2.6450323e-02
  -1.9900000e+02   9.3924172e-01   2.7716999e-02
  -1.9800000e+02   9.3980101e-01   2.8476696e-02
  -1.9700000e+02   9.3794403e-01   3.0373956e-02
  -1.9600000e+02   9.3517957e-01   3.1980949e-02
  -1.9500000e+02   9.3446485e-01   2.9731567e-02
  -1.9400000e+02   9.3088895e-01   3.0785997e-02
  -1.9300000e+02   9.2922420e-01   3.0268497e-02
  -1.9200000e+02   9.2600876e-01   3.1475383e-02
  -1.9100000e+02   9.2595642e-01   3.2710746e-02
  -1.9000000e+02   9.2721692e-01   3.1064494e-02
  -1.8900000e+02   9.2895053e-01   2.9102054e-02
  -1.8800000e+02   9.3008526e-01   3.1663033e-02
  -1.8700000e+02   9.2985233e-01   3.3653297e-02
  -1.8600000e+02   9.2979879e-01   3.4176877e-02
  -1.8500000e+02   9.2905523e-01   3.5229748e-02
  -1.8400000e+02   9.3024857e-01   3.3123213e-02
  -1.8300000e+02   9.3078934e-01   3.1467547e-02
  -1.8200000e+02   9.2819570e-01   3.4252826e-02
  -1.8100000e+02   9.2809671e-01   3.2272383e-02
  -1.8000000e+02   9.2748416e-01   3.1675704e-02
  -1.7900000e+02   9.2733320e-01   3.1301219e-02
  -1.7800000e+02   9.2817418e-01   3.0969812e-02
  -1.7700000e+02   9.3159280e-01   2.7013656e-02
  -1.7600000e+02   9.3200943e-01   2.7950866e-02
  -1.7500000e+02   9.3454818e-01   2.6071917e-02
  -1.7400000e+02   9.3633464e-01   2.3598356e-02
  -1.7300000e+02   9.3728967e-01   2.2476257e-02
  -1.7200000e+02   9.3717022e-01   2.2005873e-02
  -1.7100000e+02   9.3585078e-01   2.2897325e-02
  -1.7000000e+02   9.3546267e-01   2.3249829e-02
  -1.6900000e+02   9.3286221e-01   2.5907817e-02
  -1.6800000e+02   9.3247074e-01   2.6336622e-02
  -1.6700000e+02   9.3207279e-01   2.6629670e-02
  -1.6600000e+02   9.3282312e-01   2.6035628e-02
  -1.6500000e+02   9.3361124e-01   2.6759944e-02
  -1.6400000e+02   9.3296726e-01   2.9369926e-02
  -1.6300000e+02   9.3446180e-01   2.9862530e-02
  -1.6200000e+02   9.3485337e-01   3.0863531e-02
  -1.6100000e+02   9.3754431e-01   2.8397955e-02
  -1.6000000e+02   9.3843466e-01   2.8321379e-02
  -1.5900000e+02   9.3852771e-01   2.8032988e-02
  -1.5800000e+02   9.3840707e-01   2.8879443e-02
  -1.5700000e+02   9.3632483e-01   3.2646930e-02
  -1.5600000e+02   9.3707435e-01   3.2026044e-02
  -1.5500000e+02   9.3699826e-01   3.2268666e-02
  -1.5400000e+02   9.3928588e-01   2.9828540e-02
  -1.5300000e+02   9.4060548e-01   2.9503167e-02
  -1.5200000e+02   9.4184945e-01   2.9068002e-02
  -1.5100000e+02   9.4187996e-01   2.9634471e-02
  -1.5000000e+02   9.4200340e-01   2.9333824e-02
  -1.4900000e+02   9.4200184e-01   3.0033378e-02
  -1.4800000e+02   9.4348607e-01   3.0136089e-02
  -1.4700000e+02   9.4358761e-01   3.2082607e-02
  -1.4600000e+02   9.4291244e-01   3.3304995e-02
  -1.4500000e+02   9.4206434e-01   3.5698508e-02
  -1.4400000e+02   9.4131360e-01   3.7479913e-02
  -1.4300000e+02   9.4314503e-01   3.2218303e-02
  -1.4200000e+02   9.4242353e-01   3.0582459e-02
  -1.4100000e+02   9.4287233e-01   3.1230410e-02
  -1.4000000e+02   9.4283454e-01   3.2711080e-02
  -1.3900000e+02   9.4271166e-01   3.3382547e-02
  -1.3800000e+02   9.4298544e-01   3.3022803e-02
  -1.3700000e+02   9.4385946e-01   3.2023244e-02
  -1.3600000e+02   9.4468271e-01   3.0720160e-02
  -1.3500000e+02   9.4575592e-01   3.0141928e-02
  -1.3400000e+02   9.4519490e-01   3.1435957e-02
  -1.3300000e+02   9.4526671e-01   3.1033107e-02
  -1.3200000e+02   9.4552677e-01   3.0607216e-02
  -1.3100000e+02   9.4598466e-01   2.9448398e-02
  -1.3000000e+02   9.4599483e-01   2.7748613e-02
  -1.2900000e+02   9.4584304e-01   2.8043011e-02
  -1.2800000e+02   9.4451781e-01   2.9904711e-02
  -1.2700000e+02   9.4414245e-01   2.9598586e-02
  -1.2600000e+02   9.4232267e-01   3.1680773e-02
  -1.2500000e+02   9.4226489e-01   3.0147949e-02
  -1.2400000e+02   9.4357884e-01   2.8616326e-02
  -1.2300000e+02   9.4370724e-01   2.9530206e-02
  -1.2200000e+02   9.4430733e-01   2.8578328e-02
  -1.2100000e+02   9.4450873e-01   2.9684115e-02
  -1.2000000e+02   9.4410187e-01   2.9503243e-02
  -1.1900000e+02   9.4509316e-01   2.8345738e-02
  -1.1800000e+02   9.4465137e-01   2.7306559e-02
  -1.1700000e+02   9.4366560e-01   2.8108021e-02
  -1.1600000e+02   9.4220843e-01   2.9787937e-02
  -1.1500000e+02   9.4033582e-01   3.2844349e-02
  -1.1400000e+02   9.3967361e-01   3.3785372e-02
  -1.1300000e+02   9.3968925e-01   3.3104845e-02
  -1.1200000e+02   9.4276636e-01   2.9729449e-02
  -1.1100000e+02   9.4489363e-01   2.7384658e-02
  -1.1000000e+02   9.4767290e-01   2.4370548e-02
  -1.0900000e+02   9.4900875e-01   2.3563723e-02
  -1.0800000e+02   9.4901071e-01   2.4476562e-02
  -1.0700000e+02   9.4831157e-01   2.7408487e-02
  -1.0600000e+02   9.4822199e-01   2.6636651e-02
  -1.0500000e+02   9.4680638e-01   2.5702574e-02
  -1.0400000e+02   9.4530223e-01   2.6340575e-02
  -1.0300000e+02   9.4398755e-01   2.7987250e-02
  -1.0200000e+02   9.4096452e-01   2.9292411e-02
  -1.0100000e+02   9.4183364e-01   2.6594471e-02
  -1.0000000e+02   9.4275604e-01   2.6090553e-02
  -9.9000000e+01   9.4409000e-01   2.5831520e-02
  -9.8000000e+01   9.4499733e-01   2.7386313e-02
  -9.7000000e+01   9.4632971e-01   2.9578152e-02
  -9.6000000e+01   9.4395880e-01   3.1139171e-02
  -9.5000000e+01   9.4350340e-01   2.9609155e-02
  -9.4000000e+01   9.4333453e-01   2.9292272e-02
  -9.3000000e+01   9.4230924e-01   2.8378277e-02
  -9.2000000e+01   9.3926512e-01   2.9225343e-02
  -9.1000000e+01   9.3782938e-01   2.9057074e-02
  -9.0000000e+01   9.3528019e-01   3.0656765e-02
  -8.9000000e+01   9.3517495e-01   3.1669245e-02
  -8.8000000e+01   9.3544530e-01   3.1993783e-02
  -8.7000000e+01   9.3600774e-01   3.2835849e-02
  -8.6000000e+01   9.3626577e-01   3.4599187e-02
  -8.5000000e+01   9.3622957e-01   3.4264774e-02
  -8.4000000e+01   9.4004168e-01   3.1432100e-02
  -8.3000000e+01   9.3983359e-01   3.1238938e-02
  -8.2000000e+01   9.3959683e-01   3.1446372e-02
  -8.1000000e+01   9.3970100e-01   2.9317962e-02
  -8.0000000e+01   9.3905905e-01   2.8473541e-02
  -7.9000000e+01   9.3673125e-01   3.0832480e-02
  -7.8000000e+01   9.3338624e-01   3.5153429e-02
  -7.7000000e+01   9.3164963e-01   3.8516645e-02
  -7.6000000e+01   9.3078315e-01   3.6561880e-02
  -7.5000000e+01   9.3134415e-01   3.4973170e-02
  -7.4000000e+01   9.3162704e-01   3.3226731e-02
  -7.3000000e+01   9.3136562e-01   3.2114841e-02
  -7.2000000e+01   9.3046812e-01   3.1904541e-02
  -7.1000000e+01   9.2980704e-01   3.2785338e-02
  -7.0000000e+01   9.2773815e-01   3.2981723e-02
  -6.9000000e+01   9.2452099e-01   3.3831602e-02
  -6.8000000e+01   9.2297747e-01   3.6638623e-02
  -6.7000000e+01   9.2263598e-01   3.9554231e-02
  -6.6000000e+01   9.2021392e-01   4.4547464e-02
  -6.5000000e+01   9.2061935e-01   4.7076728e-02
  -6.4000000e+01   9.2015258e-01   4.9239519e-02
  -6.3000000e+01   9.2059753e-01   4.9976330e-02
  -6.2000000e+01   9.1888119e-01   4.9768470e-02
  -6.1000000e+01   9.1899296e-01   4.3230452e-02
  -6.0000000e+01   9.1554841e-01   4.6439543e-02
  -5.9000000e+01   9.1839993e-01   3.7854355e-02
  -5.8000000e+01   9.1850717e-01   3.8108885e-02
  -5.7000000e+01   9.1835303e-01   3.7246671e-02
  -5.6000000e+01   9.1833354e-01   3.6628019e-02
  -5.5000000e+01   9.1453656e-01   4.0503295e-02
  -5.4000000e+01   9.1182589e-01   4.6842641e-02
  -5.3000000e+01   9.1256356e-01   4.8402458e-02
  -5.2000000e+01   9.1277684e-01   4.9507209e-02
  -5.1000000e+01   9.1436950e-01   4.5958273e-02
  -5.0000000e+01   9.1778711e-01   4.1448356e-02
  -4.9000000e+01   9.1805147e-01   4.2388210e-02
  -4.8000000e+01   9.1439678e-01   4.7047035e-02
  -4.7000000e+01   9.1517956e-01   4.6274089e-02
  -4.6000000e+01   9.1413102e-01   4.6306917e-02
  -4.5000000e+01   9.1381071e-01   4.4514006e-02
  -4.4000000e+01   9.1414015e-01   4.1658566e-02
  -4.3000000e+01   9.1646835e-01   4.2896577e-02
  -4.2000000e+01   9.1593201e-01   4.5500534e-02
  -4.1000000e+01   9.1743380e-01   4.8102869e-02
  -4.0000000e+01   9.1843096e-01   4.8235089e-02
  -3.9000000e+01   9.2004520e-01   4.8060471e-02
  -3.8000000e+01   9.2217770e-01   4.5338945e-02
  -3.7000000e+01   9.2219757e-01   4.2193742e-02
  -3.6000000e+01   9.2258422e-01   3.9100118e-02
  -3.5000000e+01   9.2175654e-01   3.9784110e-02
  -3.4000000e+01   9.2468645e-01   3.5594456e-02
  -3.3000000e+01   9.2615377e-01   3.2585387e-02
  -3.2000000e+01   9.2614094e-01   3.1443444e-02
  -3.1000000e+01   9.2667577e-01   3.2270115e-02
  -3.0000000e+01   9.2777725e-01   3.2757631e-02
  -2.9000000e+01   9.2924371e-01   3.0792139e-02
  -2.8000000e+01   9.3133501e-01   3.2238469e-02
  -2.7000000e+01   9.3163069e-01   3.1948432e-02
  -2.6000000e+01   9.3122637e-01   3.3433418e-02
  -2.5000000e+01   9.3054196e-01   3.4790197e-02
  -2.4000000e+01   9.3017125e-01   3.6094468e-02
  -2.3000000e+01   9.3106878e-01   3.5506852e-02
  -2.2000000e+01   9.3394489e-01   3.0504222e-02
  -2.1000000e+01   9.3773934e-01   2.4951559e-02
  -2.0000000e+01   9.3790799e-01   2.4259778e-02
  -1.9000000e+01   9.3995741e-01   2.4665013e-02
  -1.8000000e+01   9.4025998e-01   2.5890648e-02
  -1.7000000e+01   9.4018242e-01   2.6590542e-02
  -1.6000000e+01   9.3824324e-01   3.1335163e-02
  -1.5000000e+01   9.3774278e-01   3.0549200e-02
  -1.4000000e+01   9.3601153e-01   3.3074989e-02
  -1.3000000e+01   9.3460454e-01   3.2695918e-02
  -1.2000000e+01   9.3137497e-01   3.4605522e-02
  -1.1000000e+01   9.3097573e-01   3.0818719e-02
  -1.0000000e+01   9.3055865e-01   2.8683937e-02
  -9.0000000e+00   9.3346375e-01   2.3342538e-02
  -8.0000000e+00   9.3398372e-01   2.3498288e-02
  -7.0000000e+00   9.3408148e-01   2.2833728e-02
  -6.0000000e+00   9.3385776e-01   2.4538903e-02
  -5.0000000e+00   9.3051036e-01   2.7441571e-02
  -4.0000000e+00   9.2797712e-01   2.8465582e-02
  -3.0000000e+00   9.2321764e-01   3.4303360e-02
  -2.0000000e+00   9.1407729e-01   4.8929898e-02
  -1.0000000e+00   8.9952689e-01   7.1986144e-02
   0.0000000e+00   8.9718993e-01   7.6031234e-02
   1.0000000e+00   9.2663333e-01   4.2871255e-02
   2.0000000e+00   9.4440038e-01   2.8585337e-02
   3.0000000e+00   9.5494801e-01   2.2950337e-02
   4.0000000e+00   9.6101981e-01   2.0440668e-02
   5.0000000e+00   9.6601865e-01   1.7852991e-02
   6.0000000e+00   9.6912108e-01   1.6471561e-02
   7.0000000e+00   9.7079612e-01   1.5828627e-02
   8.0000000e+00   9.7214730e-01   1.6033189e-02
   9.0000000e+00   9.7401448e-01   1.6000612e-02
   1.0000000e+01   9.7500654e-01   1.5913426e-02
   1.1000000e+01   9.7588862e-01   1.5905474e-02
   1.2000000e+01   9.7662666e-01   1.5557447e-02
   1.3000000e+01   9.7728822e-01   1.5164777e-02
   1.4000000e+01   9.7798755e-01   1.4925813e-02
   1.5000000e+01   9.7840321e-01   1.4694661e-02
   1.6000000e+01   9.7870352e-01   1.4818849e-02
   1.7000000e+01   9.7880043e-01   1.4996533e-02
   1.8000000e+01   9.7872685e-01   1.5264260e-02
   1.9000000e+01   9.7854665e-01   1.5547273e-02
   2.0000000e+01   9.7833400e-01   1.5810639e-02
   2.1000000e+01   9.7821302e-01   1.6330062e-02
   2.2000000e+01   9.7803593e-01   1.6784128e-02
   2.3000000e+01   9.7791414e-01   1.6862656e-02
   2.4000000e+01   9.7785498e-01   1.6818408e-02
   2.5000000e+01   9.7785907e-01   1.6753877e-02
   2.6000000e+01   9.7766453e-01   1.6399481e-02
   2.7000000e+01   9.7739315e-01   1.6258614e-02
   2.8000000e+01   9.7696322e-01   1.6814856e-02
   2.9000000e+01   9.7697825e-01   1.6702773e-02
   3.0000000e+01   9.7666341e-01   1.6188175e-02
   3.1000000e+01   9.7617261e-01   1.6237157e-02
   3.2000000e+01   9.7590591e-01   1.6218888e-02
   3.3000000e+01   9.7579952e-01   1.5901017e-02
   3.4000000e+01   9.7564606e-01   1.5994059e-02
   3.5000000e+01   9.7551875e-01   1.5676583e-02
   3.6000000e+01   9.7552883e-01   1.5302792e-02
   3.7000000e+01   9.7555005e-01   1.4947190e-02
   3.8000000e+01   9.7507562e-01   1.4370098e-02
   3.9000000e+01   9.7456702e-01   1.4296434e-02
   4.0000000e+01   9.7425161e-01   1.3978612e-02
   4.1000000e+01   9.7425144e-01   1.4258624e-02
   4.2000000e+01   9.7377828e-01   1.4243803e-02
   4.3000000e+01   9.7367496e-01   1.4088983e-02
   4.4000000e+01   9.7379577e-01   1.3782369e-02
   4.5000000e+01   9.7393343e-01   1.3674135e-02
   4.6000000e+01   9.7413929e-01   1.3702723e-02
   4.7000000e+01   9.7417483e-01   1.3390934e-02
   4.8000000e+01   9.7401578e-01   1.3309989e-02
   4.9000000e+01   9.7398930e-01   1.2949967e-02
   5.0000000e+01   9.7384950e-01   1.2642600e-02
   5.1000000e+01   9.7345877e-01   1.2857686e-02
   5.2000000e+01   9.7341327e-01   1.2920812e-02
   5.3000000e+01   9.7357860e-01   1.2821462e-02
   5.4000000e+01   9.7349334e-01   1.2895637e-02
   5.5000000e+01   9.7331168e-01   1.3394339e-02
   5.6000000e+01   9.7361170e-01   1.3232935e-02
   5.7000000e+01   9.7396075e-01   1.3195393e-02
   5.8000000e+01   9.7400343e-01   1.3143284e-02
   5.9000000e+01   9.7411452e-01   1.3033833e-02
   6.0000000e+01   9.7445781e-01   1.2679161e-02
   6.1000000e+01   9.7454070e-01   1.2508707e-02
   6.2000000e+01   9.7488557e-01   1.2354454e-02
   6.3000000e+01   9.7509140e-01   1.2680658e-02
   6.4000000e+01   9.7527515e-01   1.3047145e-02
   6.5000000e+01   9.7554161e-01   1.3248795e-02
   6.6000000e+01   9.7562051e-01   1.3488385e-02
   6.7000000e+01   9.7573309e-01   1.3712535e-02
   6.8000000e+01   9.7627414e-01   1.3576999e-02
   6.9000000e+01   9.7659138e-01   1.3719094e-02
   7.0000000e+01   9.7683703e-01   1.3879957e-02
   7.1000000e+01   9.7691084e-01   1.4003442e-02
   7.2000000e+01   9.7728204e-01   1.4013996e-02
   7.3000000e+01   9.7760674e-01   1.4038399e-02
   7.4000000e+01   9.7765723e-01   1.4072677e-02
   7.5000000e+01   9.7776444e-01   1.3989999e-02
   7.6000000e+01   9.7810391e-01   1.4027892e-02
   7.7000000e+01   9.7806556e-01   1.4454824e-02
   7.8000000e+01   9.7743167e-01   1.5120088e-02
   7.9000000e+01   9.7793221e-01   1.4661289e-02
   8.0000000e+01   9.7854975e-01   1.4378018e-02
   8.1000000e+01   9.7869907e-01   1.4307478e-02
   8.2000000e+01   9.7882383e-01   1.4340522e-02
   8.3000000e+01   9.7893463e-01   1.4375243e-02
   8.4000000e+01   9.7905825e-01   1.4176965e-02
   8.5000000e+01   9.7925796e-01   1.4103353e-02
   8.6000000e+01   9.7921934e-01   1.4006898e-02
   8.7000000e+01   9.7923123e-01   1.3648297e-02
   8.8000000e+01   9.7891675e-01   1.3646236e-02
   8.9000000e+01   9.7847020e-01   1.3476562e-02
   9.0000000e+01   9.7777866e-01   1.3192918e-02
   9.1000000e+01   9.7703830e-01   1.2801573e-02
   9.2000000e+01   9.7613265e-01   1.2428070e-02
   9.3000000e+01   9.7469580e-01   1.2268303e-02
   9.4000000e+01   9.7295188e-01   1.2480530e-02
   9.5000000e+01   9.7027815e-01   1.2982898e-02
   9.6000000e+01   9.6670810e-01   1.4245276e-02
   9.7000000e+01   9.6155246e-01   1.6285702e-02
   9.8000000e+01   9.5318749e-01   2.1104499e-02
   9.9000000e+01   9.3822914e-01   3.2050315e-02
   1.0000000e+02   9.1294194e-01   5.6980040e-02
   1.0100000e+02   9.0954588e-01   7.1949099e-02
   1.0200000e+02   9.1370444e-01   6.4067014e-02
   1.0300000e+02   9.2382384e-01   4.3989681e-02
   1.0400000e+02   9.2403334e-01   4.5623051e-02
   1.0500000e+02   9.2275379e-01   5.5330940e-02
   1.0600000e+02   9.3439778e-01   2.5270998e-02
   1.0700000e+02   9.3291127e-01   2.5014200e-02
   1.0800000e+02   9.3266930e-01   2.4131084e-02
   1.0900000e+02   9.3468207e-01   2.2917365e-02
   1.1000000e+02   9.3533263e-01   2.3559301e-02
   1.1100000e+02   9.3403851e-01   2.3644335e-02
   1.1200000e+02   9.3089016e-01   2.6253150e-02
   1.1300000e+02   9.3084648e-01   2.5317903e-02
   1.1400000e+02   9.2949461e-01   2.7459606e-02
   1.1500000e+02   9.2814414e-01   2.8772888e-02
   1.1600000e+02   9.2867632e-01   2.7614855e-02
   1.1700000e+02   9.2885521e-01   2.7581588e-02
   1.1800000e+02   9.2978989e-01   2.8829962e-02
   1.1900000e+02   9.2911036e-01   2.9979695e-02
   1.2000000e+02   9.2971279e-01   3.2697318e-02
