  -2.8000000e-01   9.7791030e-01   4.7488202e-02
  -2.7900000e-01   9.7827491e-01   4.8108666e-02
  -2.7800000e-01   9.7752658e-01   4.7990091e-02
  -2.7700000e-01   9.7891131e-01   4.8343112e-02
  -2.7600000e-01   9.7881970e-01   4.5973039e-02
  -2.7500000e-01   9.7850296e-01   4.6626790e-02
  -2.7400000e-01   9.7923482e-01   4.7061476e-02
  -2.7300000e-01   9.8020344e-01   4.7612028e-02
  -2.7200000e-01   9.8096883e-01   4.7915398e-02
  -2.7100000e-01   9.8036256e-01   4.7239525e-02
  -2.7000000e-01   9.7959750e-01   4.7335201e-02
  -2.6900000e-01   9.7994094e-01   4.7135353e-02
  -2.6800000e-01   9.8054921e-01   4.5338709e-02
  -2.6700000e-01   9.8068368e-01   4.5922767e-02
  -2.6600000e-01   9.8201520e-01   4.4611879e-02
  -2.6500000e-01   9.8311032e-01   4.3453371e-02
  -2.6400000e-01   9.8262709e-01   4.2507766e-02
  -2.6300000e-01   9.8316210e-01   4.2642537e-02
  -2.6200000e-01   9.8295464e-01   4.3936770e-02
  -2.6100000e-01   9.8242175e-01   4.2829314e-02
  -2.6000000e-01   9.8331999e-01   4.2171229e-02
  -2.5900000e-01   9.8234473e-01   4.1806676e-02
  -2.5800000e-01   9.8384392e-01   4.2218460e-02
  -2.5700000e-01   9.8470125e-01   4.0415426e-02
  -2.5600000e-01   9.8492539e-01   4.3451927e-02
  -2.5500000e-01   9.8409450e-01   4.5626949e-02
  -2.5400000e-01   9.8501285e-01   4.3189841e-02
  -2.5300000e-01   9.8456899e-01   4.2961054e-02
  -2.5200000e-01   9.8482690e-01   4.2884149e-02
  -2.5100000e-01   9.8566280e-01   4.1519255e-02
  -2.5000000e-01   9.8481271e-01   4.1973348e-02
  -2.4900000e-01   9.8511762e-01   4.1493727e-02
  -2.4800000e-01   9.8666557e-01   4.3962771e-02
  -2.4700000e-01   9.8777851e-01   4.3432611e-02
  -2.4600000e-01   9.8674475e-01   4.4327361e-02
  -2.4500000e-01   9.8690382e-01   4.4709058e-02
  -2.4400000e-01   9.8778254e-01   4.5093174e-02
  -2.4300000e-01   9.8935862e-01   4.4053840e-02
  -2.4200000e-01   9.8985721e-01   4.4786017e-02
  -2.4100000e-01   9.9178852e-01   4.5366682e-02
  -2.4000000e-01   9.9085158e-01   4.5020519e-02
  -2.3900000e-01   9.8988077e-01   4.5259657e-02
  -2.3800000e-01   9.9083945e-01   4.6000066e-02
  -2.3700000e-01   9.8946453e-01   4.6660771e-02
  -2.3600000e-01   9.9156246e-01   4.6763114e-02
  -2.3500000e-01   9.9133130e-01   4.6941940e-02
  -2.3400000e-01   9.9264821e-01   4.6600967e-02
  -2.3300000e-01   9.9281469e-01   4.8144474e-02
  -2.3200000e-01   9.9123745e-01   4.9827022e-02
  -2.3100000e-01   9.9103525e-01   4.7750319e-02
  -2.3000000e-01   9.9318696e-01   4.5726714e-02
  -2.2900000e-01   9.9439012e-01   4.8365263e-02
  -2.2800000e-01   9.9481418e-01   4.8400772e-02
  -2.2700000e-01   9.9432009e-01   4.7145891e-02
  -2.2600000e-01   9.9433713e-01   4.7248106e-02
  -2.2500000e-01   9.9564292e-01   4.7403561e-02
  -2.2400000e-01   9.9513808e-01   4.5657464e-02
  -2.2300000e-01   9.9471170e-01   4.5600102e-02
  -2.2200000e-01   9.9640377e-01   4.2749065e-02
  -2.2100000e-01   9.9688679e-01   4.3045668e-02
  -2.2000000e-01   9.9649953e-01   4.2489116e-02
  -2.1900000e-01   9.9712225e-01   4.1563091e-02
  -2.1800000e-01   9.9757989e-01   4.2490657e-02
  -2.1700000e-01   9.9720399e-01   4.1171449e-02
  -2.1600000e-01   9.9659481e-01   4.1940703e-02
  -2.1500000e-01   9.9686827e-01   4.2708758e-02
  -2.1400000e-01   9.9676948e-01   4.1314915e-02
  -2.1300000e-01   9.9737089e-01   4.0268017e-02
  -2.1200000e-01   9.9694977e-01   3.9107545e-02
  -2.1100000e-01   9.9615392e-01   3.8542088e-02
  -2.1000000e-01   9.9647278e-01   3.8338346e-02
  -2.0900000e-01   9.9537127e-01   3.7697547e-02
  -2.0800000e-01   9.9441307e-01   3.8033949e-02
  -2.0700000e-01   9.9486650e-01   3.8778338e-02
  -2.0600000e-01   9.9450381e-01   3.8238570e-02
  -2.0500000e-01   9.9423094e-01   3.9515474e-02
  -2.0400000e-01   9.9518329e-01   3.8767478e-02
  -2.0300000e-01   9.9670921e-01   3.8018786e-02
  -2.0200000e-01   9.9684770e-01   3.8196681e-02
  -2.0100000e-01   9.9609909e-01   3.6934211e-02
  -2.0000000e-01   9.9591505e-01   3.5010030e-02
  -1.9900000e-01   9.9504404e-01   3.4894192e-02
  -1.9800000e-01   9.9589441e-01   3.4513224e-02
  -1.9700000e-01   9.9556839e-01   3.3729302e-02
  -1.9600000e-01   9.9563953e-01   3.4091171e-02
  -1.9500000e-01   9.9558072e-01   3.4539652e-02
  -1.9400000e-01   9.9413875e-01   3.3717304e-02
  -1.9300000e-01   9.9500506e-01   3.3331135e-02
  -1.9200000e-01   9.9815878e-01   3.5494285e-02
  -1.9100000e-01   9.9752404e-01   3.4624922e-02
  -1.9000000e-01   9.9805044e-01   3.3288579e-02
  -1.8900000e-01   9.9915134e-01   3.3137579e-02
  -1.8800000e-01   1.0001196e+00   3.1971334e-02
  -1.8700000e-01   1.0020708e+00   3.2425777e-02
  -1.8600000e-01   1.0027791e+00   3.2280562e-02
  -1.8500000e-01   1.0033213e+00   3.3640655e-02
  -1.8400000e-01   1.0026922e+00   3.2623007e-02
  -1.8300000e-01   1.0032260e+00   3.2922230e-02
  -1.8200000e-01   1.0026466e+00   3.3263716e-02
  -1.8100000e-01   1.0007785e+00   3.2497669e-02
  -1.8000000e-01   1.0010252e+00   3.2392173e-02
  -1.7900000e-01   1.0015040e+00   3.2706412e-02
  -1.7800000e-01   1.0013535e+00   3.3898425e-02
  -1.7700000e-01   1.0010960e+00   3.3298589e-02
  -1.7600000e-01   1.0020614e+00   3.2786270e-02
  -1.7500000e-01   1.0019724e+00   3.2826379e-02
  -1.7400000e-01   1.0020680e+00   3.1047278e-02
  -1.7300000e-01   1.0013653e+00   3.1286166e-02
  -1.7200000e-01   1.0018887e+00   3.2555273e-02
  -1.7100000e-01   1.0010323e+00   3.2439255e-02
  -1.7000000e-01   1.0023017e+00   3.1756002e-02
  -1.6900000e-01   1.0020839e+00   3.1456204e-02
  -1.6800000e-01   1.0010016e+00   3.1638341e-02
  -1.6700000e-01   1.0008843e+00   2.9724370e-02
  -1.6600000e-01   1.0002745e+00   2.9944892e-02
  -1.6500000e-01   1.0007893e+00   2.9471040e-02
  -1.6400000e-01   1.0008974e+00   2.9820724e-02
  -1.6300000e-01   1.0019052e+00   3.2465507e-02
  -1.6200000e-01   1.0015693e+00   3.3964362e-02
  -1.6100000e-01   1.0016664e+00   3.4883739e-02
  -1.6000000e-01   9.9913544e-01   2.9988809e-02
  -1.5900000e-01   9.9842408e-01   3.0157652e-02
  -1.5800000e-01   9.9725729e-01   3.1805543e-02
  -1.5700000e-01   9.9643448e-01   3.0598519e-02
  -1.5600000e-01   9.9496698e-01   3.0022644e-02
  -1.5500000e-01   9.9503306e-01   3.1126633e-02
  -1.5400000e-01   9.9579604e-01   3.1533610e-02
  -1.5300000e-01   9.9518442e-01   3.1323706e-02
  -1.5200000e-01   9.9477507e-01   3.2029758e-02
  -1.5100000e-01   9.9610918e-01   3.2347035e-02
  -1.5000000e-01   9.9585934e-01   3.2198688e-02
  -1.4900000e-01   9.9439283e-01   3.2900431e-02
  -1.4800000e-01   9.9437419e-01   3.3345133e-02
  -1.4700000e-01   9.9429425e-01   3.3566058e-02
  -1.4600000e-01   9.9521903e-01   3.3640956e-02
  -1.4500000e-01   9.9511273e-01   3.2626510e-02
  -1.4400000e-01   9.9574394e-01   3.1659414e-02
  -1.4300000e-01   9.9486183e-01   3.2896938e-02
  -1.4200000e-01   9.9371349e-01   3.4126721e-02
  -1.4100000e-01   9.9380227e-01   3.4494298e-02
  -1.4000000e-01   9.9540177e-01   3.3361680e-02
  -1.3900000e-01   9.9785712e-01   3.1592127e-02
  -1.3800000e-01   9.9653274e-01   3.1922023e-02
  -1.3700000e-01   9.9652513e-01   3.2045873e-02
  -1.3600000e-01   9.9677044e-01   3.2264107e-02
  -1.3500000e-01   9.9650892e-01   3.1457402e-02
  -1.3400000e-01   9.9628792e-01   3.2824416e-02
  -1.3300000e-01   9.9700472e-01   3.2295657e-02
  -1.3200000e-01   9.9722027e-01   3.2812944e-02
  -1.3100000e-01   9.9713255e-01   3.3518490e-02
  -1.3000000e-01   9.9626555e-01   3.2534419e-02
  -1.2900000e-01   9.9664514e-01   3.2064433e-02
  -1.2800000e-01   9.9622071e-01   3.2862973e-02
  -1.2700000e-01   9.9644246e-01   3.3245418e-02
  -1.2600000e-01   9.9589516e-01   3.4032902e-02
  -1.2500000e-01   9.9724371e-01   3.3490889e-02
  -1.2400000e-01   9.9730758e-01   3.3515951e-02
  -1.2300000e-01   9.9750960e-01   3.2760265e-02
  -1.2200000e-01   9.9708631e-01   3.2617297e-02
  -1.2100000e-01   9.9784860e-01   3.2431572e-02
  -1.2000000e-01   9.9634206e-01   3.2898254e-02
  -1.1900000e-01   9.9533680e-01   3.3593287e-02
  -1.1800000e-01   9.9555402e-01   3.4960428e-02
  -1.1700000e-01   9.9612662e-01   3.4155361e-02
  -1.1600000e-01   9.9580264e-01   3.3855527e-02
  -1.1500000e-01   9.9627589e-01   3.4393017e-02
  -1.1400000e-01   9.9670207e-01   3.4592269e-02
  -1.1300000e-01   9.9667138e-01   3.4274511e-02
  -1.1200000e-01   9.9827263e-01   3.3171953e-02
  -1.1100000e-01   9.9765443e-01   3.2692093e-02
  -1.1000000e-01   9.9719497e-01   3.1283128e-02
  -1.0900000e-01   9.9869164e-01   3.0340951e-02
  -1.0800000e-01   1.0000894e+00   3.1441254e-02
  -1.0700000e-01   9.9931093e-01   3.2032320e-02
  -1.0600000e-01   1.0003807e+00   3.2467417e-02
  -1.0500000e-01   1.0018099e+00   3.1165917e-02
  -1.0400000e-01   1.0020054e+00   3.0107436e-02
  -1.0300000e-01   1.0011338e+00   2.9139714e-02
  -1.0200000e-01   1.0011072e+00   2.8551635e-02
  -1.0100000e-01   1.0018499e+00   2.9410214e-02
  -1.0000000e-01   1.0020645e+00   2.9952287e-02
  -9.9000000e-02   1.0020662e+00   2.9266621e-02
  -9.8000000e-02   1.0031727e+00   2.9680005e-02
  -9.7000000e-02   1.0022257e+00   2.7954250e-02
  -9.6000000e-02   1.0031176e+00   2.8093533e-02
  -9.5000000e-02   1.0037321e+00   2.8780737e-02
  -9.4000000e-02   1.0038174e+00   2.8143107e-02
  -9.3000000e-02   1.0022090e+00   2.8463527e-02
  -9.2000000e-02   1.0015834e+00   2.9217372e-02
  -9.1000000e-02   9.9981582e-01   3.1472771e-02
  -9.0000000e-02   9.9861840e-01   3.1877952e-02
  -8.9000000e-02   9.9986542e-01   3.0855941e-02
  -8.8000000e-02   9.9903271e-01   3.1584681e-02
  -8.7000000e-02   9.9844149e-01   3.1129513e-02
  -8.6000000e-02   1.0001100e+00   3.0591764e-02
  -8.5000000e-02   1.0007179e+00   3.1701600e-02
  -8.4000000e-02   1.0006794e+00   2.8991656e-02
  -8.3000000e-02   1.0002941e+00   2.9204922e-02
  -8.2000000e-02   1.0014114e+00   2.8564248e-02
  -8.1000000e-02   1.0025145e+00   2.7423330e-02
  -8.0000000e-02   1.0020089e+00   2.6646199e-02
  -7.9000000e-02   1.0018639e+00   2.8019835e-02
  -7.8000000e-02   1.0021395e+00   2.7508666e-02
  -7.7000000e-02   1.0009328e+00   2.7518088e-02
  -7.6000000e-02   1.0001670e+00   2.9317577e-02
  -7.5000000e-02   1.0005304e+00   2.7993710e-02
  -7.4000000e-02   1.0003580e+00   2.7130576e-02
  -7.3000000e-02   9.9992605e-01   2.8172699e-02
  -7.2000000e-02   9.9939427e-01   2.8877023e-02
  -7.1000000e-02   9.9802928e-01   2.7827751e-02
  -7.0000000e-02   9.9755171e-01   2.8764984e-02
  -6.9000000e-02   9.9769745e-01   2.9895092e-02
  -6.8000000e-02   9.9777879e-01   2.9283501e-02
  -6.7000000e-02   9.9821675e-01   2.9530841e-02
  -6.6000000e-02   9.9754229e-01   2.8784404e-02
  -6.5000000e-02   9.9753567e-01   2.8882630e-02
  -6.4000000e-02   9.9899761e-01   2.9244246e-02
  -6.3000000e-02   9.9912675e-01   2.8988236e-02
  -6.2000000e-02   9.9968853e-01   2.9686360e-02
  -6.1000000e-02   1.0005043e+00   3.0053331e-02
  -6.0000000e-02   1.0020215e+00   2.7067446e-02
  -5.9000000e-02   1.0015641e+00   2.7741573e-02
  -5.8000000e-02   1.0013343e+00   2.9689582e-02
  -5.7000000e-02   1.0023024e+00   2.9497336e-02
  -5.6000000e-02   1.0016134e+00   3.0023453e-02
  -5.5000000e-02   1.0007216e+00   3.1981954e-02
  -5.4000000e-02   1.0001480e+00   3.3005436e-02
  -5.3000000e-02   1.0015859e+00   3.2213928e-02
  -5.2000000e-02   1.0014930e+00   3.2811702e-02
  -5.1000000e-02   1.0012336e+00   3.3292315e-02
  -5.0000000e-02   1.0015872e+00   3.2424537e-02
  -4.9000000e-02   1.0028062e+00   3.1636306e-02
  -4.8000000e-02   1.0024699e+00   3.2712190e-02
  -4.7000000e-02   1.0022682e+00   3.3477988e-02
  -4.6000000e-02   1.0020436e+00   3.3505110e-02
  -4.5000000e-02   1.0012185e+00   3.1872916e-02
  -4.4000000e-02   1.0002378e+00   3.2649253e-02
  -4.3000000e-02   1.0002624e+00   3.2370957e-02
  -4.2000000e-02   1.0004547e+00   3.1252315e-02
  -4.1000000e-02   9.9962122e-01   3.1134901e-02
  -4.0000000e-02   9.9946483e-01   3.1448651e-02
  -3.9000000e-02   9.9870015e-01   3.1358373e-02
  -3.8000000e-02   9.9902914e-01   3.0522874e-02
  -3.7000000e-02   9.9873952e-01   3.0493342e-02
  -3.6000000e-02   9.9920736e-01   3.0295299e-02
  -3.5000000e-02   9.9985091e-01   3.0584602e-02
  -3.4000000e-02   9.9908240e-01   3.0018400e-02
  -3.3000000e-02   9.9899911e-01   3.0723284e-02
  -3.2000000e-02   9.9970819e-01   2.8618356e-02
  -3.1000000e-02   1.0000053e+00   2.8759456e-02
  -3.0000000e-02   9.9980307e-01   2.9105728e-02
  -2.9000000e-02   9.9970698e-01   2.7877345e-02
  -2.8000000e-02   9.9894842e-01   2.7988841e-02
  -2.7000000e-02   9.9822261e-01   2.8292956e-02
  -2.6000000e-02   9.9810704e-01   2.8819479e-02
  -2.5000000e-02   9.9822354e-01   2.9306578e-02
  -2.4000000e-02   9.9832372e-01   2.9851467e-02
  -2.3000000e-02   9.9753311e-01   3.0046509e-02
  -2.2000000e-02   9.9744101e-01   2.9409856e-02
  -2.1000000e-02   9.9743197e-01   2.8259913e-02
  -2.0000000e-02   9.9737936e-01   2.7711251e-02
  -1.9000000e-02   9.9767666e-01   2.6940217e-02
  -1.8000000e-02   9.9714328e-01   2.6833595e-02
  -1.7000000e-02   9.9691644e-01   2.7238224e-02
  -1.6000000e-02   9.9735940e-01   2.6872331e-02
  -1.5000000e-02   9.9745997e-01   2.6980544e-02
  -1.4000000e-02   9.9752192e-01   2.7512855e-02
  -1.3000000e-02   9.9709040e-01   2.7261545e-02
  -1.2000000e-02   9.9724896e-01   2.7307185e-02
  -1.1000000e-02   9.9802915e-01   2.5340372e-02
  -1.0000000e-02   9.9770868e-01   2.5886205e-02
  -9.0000000e-03   9.9735626e-01   2.5729168e-02
  -8.0000000e-03   9.9715900e-01   2.4890091e-02
  -7.0000000e-03   9.9777742e-01   2.4538942e-02
  -6.0000000e-03   9.9780157e-01   2.4617031e-02
  -5.0000000e-03   9.9636810e-01   2.4180530e-02
  -4.0000000e-03   9.9685346e-01   2.3495608e-02
  -3.0000000e-03   9.9779362e-01   2.3048678e-02
  -2.0000000e-03   9.9806877e-01   2.2305026e-02
  -1.0000000e-03   9.9780282e-01   2.1690478e-02
   0.0000000e+00   9.9851221e-01   2.1207357e-02
   1.0000000e-03   9.9893607e-01   2.1283140e-02
   2.0000000e-03   9.9842942e-01   1.9664412e-02
   3.0000000e-03   9.9883875e-01   2.0128968e-02
   4.0000000e-03   9.9824943e-01   1.8583406e-02
   5.0000000e-03   9.9817126e-01   1.7447179e-02
   6.0000000e-03   9.9803267e-01   1.7245430e-02
   7.0000000e-03   9.9833644e-01   1.7298868e-02
   8.0000000e-03   9.9820924e-01   1.7538463e-02
   9.0000000e-03   9.9858813e-01   1.7744677e-02
   1.0000000e-02   9.9792863e-01   1.6743440e-02
   1.1000000e-02   9.9851166e-01   1.6265706e-02
   1.2000000e-02   9.9854266e-01   1.6597308e-02
   1.3000000e-02   9.9846472e-01   1.6082492e-02
   1.4000000e-02   9.9791983e-01   1.6252875e-02
   1.5000000e-02   9.9844895e-01   1.6309546e-02
   1.6000000e-02   9.9771658e-01   1.6151462e-02
   1.7000000e-02   9.9778080e-01   1.6373020e-02
   1.8000000e-02   9.9825896e-01   1.6575556e-02
   1.9000000e-02   9.9799081e-01   1.7048178e-02
   2.0000000e-02   9.9807067e-01   1.6960939e-02
