  -2.8000000e-01  -1.7333242e-01   5.5212914e-02
  -2.7900000e-01  -1.7326399e-01   5.5246558e-02
  -2.7800000e-01  -1.7315509e-01   5.5538510e-02
  -2.7700000e-01  -1.7399764e-01   5.7356572e-02
  -2.7600000e-01  -1.7310141e-01   5.7705970e-02
  -2.7500000e-01  -1.7108871e-01   5.5630542e-02
  -2.7400000e-01  -1.7168777e-01   5.6880504e-02
  -2.7300000e-01  -1.7014183e-01   5.5327889e-02
  -2.7200000e-01  -1.7050482e-01   5.6491244e-02
  -2.7100000e-01  -1.7056010e-01   5.5369607e-02
  -2.7000000e-01  -1.6995507e-01   5.5603594e-02
  -2.6900000e-01  -1.6999833e-01   5.5251632e-02
  -2.6800000e-01  -1.6720543e-01   5.4307513e-02
  -2.6700000e-01  -1.6639851e-01   5.4849414e-02
  -2.6600000e-01  -1.6708955e-01   5.3037655e-02
  -2.6500000e-01  -1.6619317e-01   5.3265716e-02
  -2.6400000e-01  -1.6658002e-01   5.3952080e-02
  -2.6300000e-01  -1.6586672e-01   5.3857128e-02
  -2.6200000e-01  -1.6694128e-01   5.3699741e-02
  -2.6100000e-01  -1.6718912e-01   5.2217325e-02
  -2.6000000e-01  -1.6656778e-01   5.2048244e-02
  -2.5900000e-01  -1.6512395e-01   5.2836617e-02
  -2.5800000e-01  -1.6395094e-01   5.5370558e-02
  -2.5700000e-01  -1.6437333e-01   5.8139377e-02
  -2.5600000e-01  -1.6478553e-01   5.9342019e-02
  -2.5500000e-01  -1.6542377e-01   6.2466337e-02
  -2.5400000e-01  -1.6386362e-01   6.1833258e-02
  -2.5300000e-01  -1.6207576e-01   6.1048880e-02
  -2.5200000e-01  -1.6159393e-01   5.9746635e-02
  -2.5100000e-01  -1.6019251e-01   5.9645686e-02
  -2.5000000e-01  -1.5933744e-01   5.9316284e-02
  -2.4900000e-01  -1.5945492e-01   5.5832668e-02
  -2.4800000e-01  -1.6172926e-01   5.8121704e-02
  -2.4700000e-01  -1.5833666e-01   5.7144643e-02
  -2.4600000e-01  -1.5767146e-01   5.9122455e-02
  -2.4500000e-01  -1.5712996e-01   6.0084393e-02
  -2.4400000e-01  -1.5706831e-01   5.9200820e-02
  -2.4300000e-01  -1.5754393e-01   5.8491725e-02
  -2.4200000e-01  -1.5799406e-01   5.7799576e-02
  -2.4100000e-01  -1.5787897e-01   5.5052418e-02
  -2.4000000e-01  -1.5882245e-01   5.5892965e-02
  -2.3900000e-01  -1.5850753e-01   5.3344457e-02
  -2.3800000e-01  -1.5733925e-01   5.3250537e-02
  -2.3700000e-01  -1.5655994e-01   5.2800190e-02
  -2.3600000e-01  -1.5507216e-01   5.2002108e-02
  -2.3500000e-01  -1.5486319e-01   5.3545214e-02
  -2.3400000e-01  -1.5414883e-01   5.2372503e-02
  -2.3300000e-01  -1.5321709e-01   4.9040838e-02
  -2.3200000e-01  -1.5149133e-01   4.6843599e-02
  -2.3100000e-01  -1.5090384e-01   4.7049992e-02
  -2.3000000e-01  -1.4989703e-01   4.6839172e-02
  -2.2900000e-01  -1.5081747e-01   4.6979114e-02
  -2.2800000e-01  -1.4989641e-01   4.5812774e-02
  -2.2700000e-01  -1.5047922e-01   4.9332488e-02
  -2.2600000e-01  -1.4962698e-01   4.7932921e-02
  -2.2500000e-01  -1.4771138e-01   4.5899713e-02
  -2.2400000e-01  -1.4747971e-01   4.3108824e-02
  -2.2300000e-01  -1.4711665e-01   4.1502860e-02
  -2.2200000e-01  -1.4587384e-01   4.1459525e-02
  -2.2100000e-01  -1.4699644e-01   4.3060894e-02
  -2.2000000e-01  -1.4597798e-01   4.3253547e-02
  -2.1900000e-01  -1.4569776e-01   4.1957718e-02
  -2.1800000e-01  -1.4280041e-01   4.1125418e-02
  -2.1700000e-01  -1.4351679e-01   4.1050915e-02
  -2.1600000e-01  -1.4393646e-01   4.2170805e-02
  -2.1500000e-01  -1.4296743e-01   4.2240840e-02
  -2.1400000e-01  -1.4220687e-01   4.0985886e-02
  -2.1300000e-01  -1.4165122e-01   4.2144896e-02
  -2.1200000e-01  -1.4267565e-01   4.2007654e-02
  -2.1100000e-01  -1.4356757e-01   4.2317746e-02
  -2.1000000e-01  -1.4019345e-01   3.9957397e-02
  -2.0900000e-01  -1.4051749e-01   3.9308805e-02
  -2.0800000e-01  -1.3937517e-01   3.8518040e-02
  -2.0700000e-01  -1.3868205e-01   3.7898900e-02
  -2.0600000e-01  -1.3742922e-01   3.8555405e-02
  -2.0500000e-01  -1.3729524e-01   3.8440604e-02
  -2.0400000e-01  -1.3752361e-01   3.8903819e-02
  -2.0300000e-01  -1.3687354e-01   3.8553200e-02
  -2.0200000e-01  -1.3715485e-01   3.9406419e-02
  -2.0100000e-01  -1.3737362e-01   3.9574936e-02
  -2.0000000e-01  -1.3914614e-01   4.1224794e-02
  -1.9900000e-01  -1.3941086e-01   4.2331812e-02
  -1.9800000e-01  -1.4023487e-01   4.1743151e-02
  -1.9700000e-01  -1.3881796e-01   4.0602340e-02
  -1.9600000e-01  -1.3861360e-01   4.2729138e-02
  -1.9500000e-01  -1.3845557e-01   4.1781722e-02
  -1.9400000e-01  -1.3760557e-01   4.2660498e-02
  -1.9300000e-01  -1.3588056e-01   4.4430074e-02
  -1.9200000e-01  -1.3523163e-01   4.4201316e-02
  -1.9100000e-01  -1.3387362e-01   4.4484572e-02
  -1.9000000e-01  -1.3191782e-01   4.4763113e-02
  -1.8900000e-01  -1.3324115e-01   4.5854831e-02
  -1.8800000e-01  -1.3437492e-01   4.4868643e-02
  -1.8700000e-01  -1.3213902e-01   4.5185503e-02
  -1.8600000e-01  -1.3255014e-01   4.6375197e-02
  -1.8500000e-01  -1.3028836e-01   4.5232119e-02
  -1.8400000e-01  -1.2980319e-01   4.6165087e-02
  -1.8300000e-01  -1.2884446e-01   4.4262773e-02
  -1.8200000e-01  -1.2941332e-01   4.4853437e-02
  -1.8100000e-01  -1.2853011e-01   4.4842613e-02
  -1.8000000e-01  -1.2858952e-01   4.3227397e-02
  -1.7900000e-01  -1.2837111e-01   4.3751044e-02
  -1.7800000e-01  -1.2683831e-01   4.2733728e-02
  -1.7700000e-01  -1.2688356e-01   4.1727878e-02
  -1.7600000e-01  -1.2570971e-01   4.1100644e-02
  -1.7500000e-01  -1.2464337e-01   4.0880845e-02
  -1.7400000e-01  -1.2522234e-01   4.1988649e-02
  -1.7300000e-01  -1.2460565e-01   4.2830059e-02
  -1.7200000e-01  -1.2519388e-01   4.3827434e-02
  -1.7100000e-01  -1.2590475e-01   4.5441355e-02
  -1.7000000e-01  -1.2641728e-01   4.6067243e-02
  -1.6900000e-01  -1.2796566e-01   4.7450153e-02
  -1.6800000e-01  -1.2737259e-01   4.6306680e-02
  -1.6700000e-01  -1.2502710e-01   4.7823336e-02
  -1.6600000e-01  -1.2578984e-01   4.8241328e-02
  -1.6500000e-01  -1.2424341e-01   4.8601760e-02
  -1.6400000e-01  -1.2294333e-01   4.6795883e-02
  -1.6300000e-01  -1.2425463e-01   4.9416151e-02
  -1.6200000e-01  -1.2174277e-01   4.4285947e-02
  -1.6100000e-01  -1.2328060e-01   4.4169359e-02
  -1.6000000e-01  -1.2327927e-01   4.4397114e-02
  -1.5900000e-01  -1.2127622e-01   4.1538451e-02
  -1.5800000e-01  -1.1979985e-01   4.1302093e-02
  -1.5700000e-01  -1.2062807e-01   4.0600788e-02
  -1.5600000e-01  -1.1875872e-01   3.9632919e-02
  -1.5500000e-01  -1.1920151e-01   4.1519397e-02
  -1.5400000e-01  -1.1871167e-01   4.1543351e-02
  -1.5300000e-01  -1.1835054e-01   4.1973913e-02
  -1.5200000e-01  -1.1770896e-01   4.3002084e-02
  -1.5100000e-01  -1.1726137e-01   4.2382692e-02
  -1.5000000e-01  -1.1797011e-01   4.2556725e-02
  -1.4900000e-01  -1.1791107e-01   4.2575410e-02
  -1.4800000e-01  -1.1829970e-01   4.2686164e-02
  -1.4700000e-01  -1.1824366e-01   4.2790191e-02
  -1.4600000e-01  -1.1724712e-01   4.3309935e-02
  -1.4500000e-01  -1.1732492e-01   4.5305974e-02
  -1.4400000e-01  -1.1669753e-01   4.5060206e-02
  -1.4300000e-01  -1.1575008e-01   4.5658849e-02
  -1.4200000e-01  -1.1622314e-01   4.6600082e-02
  -1.4100000e-01  -1.1557534e-01   4.5523073e-02
  -1.4000000e-01  -1.1457142e-01   4.3018043e-02
  -1.3900000e-01  -1.1467652e-01   4.2909782e-02
  -1.3800000e-01  -1.1322701e-01   4.2915449e-02
  -1.3700000e-01  -1.1122478e-01   4.0075395e-02
  -1.3600000e-01  -1.1049819e-01   3.9160382e-02
  -1.3500000e-01  -1.0911694e-01   3.9809728e-02
  -1.3400000e-01  -1.0989296e-01   4.1043281e-02
  -1.3300000e-01  -1.1027385e-01   4.0744407e-02
  -1.3200000e-01  -1.0959714e-01   4.2250465e-02
  -1.3100000e-01  -1.0931959e-01   4.2278792e-02
  -1.3000000e-01  -1.0903223e-01   4.4291364e-02
  -1.2900000e-01  -1.0806859e-01   4.5347190e-02
  -1.2800000e-01  -1.0954919e-01   4.6803457e-02
  -1.2700000e-01  -1.0837041e-01   4.7320964e-02
  -1.2600000e-01  -1.0687356e-01   4.8254246e-02
  -1.2500000e-01  -1.0775601e-01   5.0171177e-02
  -1.2400000e-01  -1.0636568e-01   4.9693834e-02
  -1.2300000e-01  -1.0641573e-01   4.9571089e-02
  -1.2200000e-01  -1.0673214e-01   5.1279564e-02
  -1.2100000e-01  -1.0714548e-01   5.1599853e-02
  -1.2000000e-01  -1.0752897e-01   5.2528133e-02
  -1.1900000e-01  -1.0624612e-01   5.1247591e-02
  -1.1800000e-01  -1.0469165e-01   5.0486610e-02
  -1.1700000e-01  -1.0499776e-01   5.1584915e-02
  -1.1600000e-01  -1.0387815e-01   5.1412563e-02
  -1.1500000e-01  -1.0407393e-01   5.3399473e-02
  -1.1400000e-01  -1.0292627e-01   5.4064156e-02
  -1.1300000e-01  -1.0337230e-01   5.4498620e-02
  -1.1200000e-01  -1.0244435e-01   5.2359752e-02
  -1.1100000e-01  -1.0098522e-01   5.0745114e-02
  -1.1000000e-01  -1.0010898e-01   5.0725046e-02
  -1.0900000e-01  -9.9697806e-02   4.9417240e-02
  -1.0800000e-01  -9.7998823e-02   4.8711464e-02
  -1.0700000e-01  -9.6722452e-02   4.7350548e-02
  -1.0600000e-01  -9.6880890e-02   4.7674251e-02
  -1.0500000e-01  -9.6030455e-02   4.5994512e-02
  -1.0400000e-01  -9.4997197e-02   4.6107268e-02
  -1.0300000e-01  -9.5436389e-02   4.5877330e-02
  -1.0200000e-01  -9.5267467e-02   4.5996296e-02
  -1.0100000e-01  -9.4630984e-02   4.4889897e-02
  -1.0000000e-01  -9.3854833e-02   4.4503446e-02
  -9.9000000e-02  -9.5180556e-02   4.5972933e-02
  -9.8000000e-02  -9.3665609e-02   4.6753171e-02
  -9.7000000e-02  -9.3426321e-02   4.6608853e-02
  -9.6000000e-02  -9.3463391e-02   4.4980292e-02
  -9.5000000e-02  -9.2437057e-02   4.4044900e-02
  -9.4000000e-02  -9.0842734e-02   4.2674777e-02
  -9.3000000e-02  -9.1628509e-02   4.5753818e-02
  -9.2000000e-02  -8.8958841e-02   4.5223122e-02
  -9.1000000e-02  -8.8298775e-02   4.5664262e-02
  -9.0000000e-02  -8.8279944e-02   4.6114289e-02
  -8.9000000e-02  -8.6965585e-02   4.7507095e-02
  -8.8000000e-02  -8.6593280e-02   4.8157847e-02
  -8.7000000e-02  -8.6742601e-02   4.8168572e-02
  -8.6000000e-02  -8.7146967e-02   5.0057947e-02
  -8.5000000e-02  -8.6700787e-02   4.9337005e-02
  -8.4000000e-02  -8.7025771e-02   4.9593394e-02
  -8.3000000e-02  -8.5495183e-02   5.0358128e-02
  -8.2000000e-02  -8.4557895e-02   4.8561517e-02
  -8.1000000e-02  -8.3370223e-02   4.9195486e-02
  -8.0000000e-02  -8.2565116e-02   4.8340113e-02
  -7.9000000e-02  -8.1408994e-02   4.7668824e-02
  -7.8000000e-02  -8.1910215e-02   4.8377665e-02
  -7.7000000e-02  -8.0034135e-02   4.7683311e-02
  -7.6000000e-02  -7.8202701e-02   4.5052011e-02
  -7.5000000e-02  -7.7886885e-02   4.4464912e-02
  -7.4000000e-02  -7.6326229e-02   4.3791551e-02
  -7.3000000e-02  -7.6110343e-02   4.5711445e-02
  -7.2000000e-02  -7.5048160e-02   4.3932102e-02
  -7.1000000e-02  -7.4967167e-02   4.2047229e-02
  -7.0000000e-02  -7.3830277e-02   4.0661072e-02
  -6.9000000e-02  -7.3059305e-02   4.0905141e-02
  -6.8000000e-02  -7.4235935e-02   4.2798177e-02
  -6.7000000e-02  -7.2467315e-02   4.0287857e-02
  -6.6000000e-02  -7.2360805e-02   4.0096715e-02
  -6.5000000e-02  -7.0709733e-02   3.9573155e-02
  -6.4000000e-02  -6.9622493e-02   3.9383488e-02
  -6.3000000e-02  -7.0088815e-02   3.9604897e-02
  -6.2000000e-02  -6.9096437e-02   3.9052804e-02
  -6.1000000e-02  -7.0084042e-02   4.0899022e-02
  -6.0000000e-02  -6.8771430e-02   3.8236447e-02
  -5.9000000e-02  -6.8387879e-02   3.7964980e-02
  -5.8000000e-02  -6.8123088e-02   3.5840537e-02
  -5.7000000e-02  -6.6824110e-02   3.5238151e-02
  -5.6000000e-02  -6.5626584e-02   3.5109018e-02
  -5.5000000e-02  -6.5043403e-02   3.5281759e-02
  -5.4000000e-02  -6.2814025e-02   3.2360069e-02
  -5.3000000e-02  -6.1962558e-02   3.1853415e-02
  -5.2000000e-02  -6.1226323e-02   3.0561127e-02
  -5.1000000e-02  -6.0235141e-02   2.9123433e-02
  -5.0000000e-02  -6.0611655e-02   3.1130918e-02
  -4.9000000e-02  -5.9940503e-02   2.9911795e-02
  -4.8000000e-02  -5.9715048e-02   2.9503244e-02
  -4.7000000e-02  -5.9505690e-02   3.0253287e-02
  -4.6000000e-02  -5.8472000e-02   2.8980636e-02
  -4.5000000e-02  -5.8598394e-02   3.0717531e-02
  -4.4000000e-02  -5.9574916e-02   3.2483478e-02
  -4.3000000e-02  -5.8393586e-02   3.0357562e-02
  -4.2000000e-02  -5.6537734e-02   2.8121142e-02
  -4.1000000e-02  -5.6904611e-02   2.7156016e-02
  -4.0000000e-02  -5.5003526e-02   2.5583799e-02
  -3.9000000e-02  -5.4178025e-02   2.5635165e-02
  -3.8000000e-02  -5.4075654e-02   2.6209283e-02
  -3.7000000e-02  -5.4350827e-02   2.4573137e-02
  -3.6000000e-02  -5.3740258e-02   2.5557649e-02
  -3.5000000e-02  -5.3431334e-02   2.6505248e-02
  -3.4000000e-02  -5.2961574e-02   2.5925805e-02
  -3.3000000e-02  -5.1962408e-02   2.3297002e-02
  -3.2000000e-02  -5.0499539e-02   2.2651138e-02
  -3.1000000e-02  -5.0335654e-02   2.3369127e-02
  -3.0000000e-02  -4.9612015e-02   2.2752849e-02
  -2.9000000e-02  -4.8526915e-02   2.3427501e-02
  -2.8000000e-02  -4.8085191e-02   2.4542398e-02
  -2.7000000e-02  -4.6909049e-02   2.2838240e-02
  -2.6000000e-02  -4.5477051e-02   2.2410539e-02
  -2.5000000e-02  -4.5087484e-02   2.2149327e-02
  -2.4000000e-02  -4.3883048e-02   2.1205499e-02
  -2.3000000e-02  -4.2437979e-02   2.0870868e-02
  -2.2000000e-02  -4.1342774e-02   1.9090423e-02
  -2.1000000e-02  -4.1452295e-02   1.9017184e-02
  -2.0000000e-02  -4.0817823e-02   2.0035208e-02
  -1.9000000e-02  -4.0580244e-02   2.0197327e-02
  -1.8000000e-02  -4.0319083e-02   1.9923904e-02
  -1.7000000e-02  -3.9415191e-02   1.9911190e-02
  -1.6000000e-02  -3.8887178e-02   2.0051181e-02
  -1.5000000e-02  -3.8332716e-02   2.0792939e-02
  -1.4000000e-02  -3.7874007e-02   2.1066748e-02
  -1.3000000e-02  -3.7939207e-02   2.0831626e-02
  -1.2000000e-02  -3.7197064e-02   1.9100937e-02
  -1.1000000e-02  -3.6563615e-02   1.8998623e-02
  -1.0000000e-02  -3.6721024e-02   1.9241958e-02
  -9.0000000e-03  -3.6982136e-02   2.0291425e-02
  -8.0000000e-03  -3.6138338e-02   2.0286855e-02
  -7.0000000e-03  -3.6657101e-02   2.1113897e-02
  -6.0000000e-03  -3.6631732e-02   2.0625428e-02
  -5.0000000e-03  -3.5904580e-02   2.0527651e-02
  -4.0000000e-03  -3.5752728e-02   2.0122064e-02
  -3.0000000e-03  -3.6064456e-02   2.1393506e-02
  -2.0000000e-03  -3.5986036e-02   2.1553615e-02
  -1.0000000e-03  -3.5110755e-02   2.0297893e-02
   0.0000000e+00  -3.4528570e-02   1.9793759e-02
   1.0000000e-03  -3.5216857e-02   2.1572335e-02
   2.0000000e-03  -3.4736803e-02   2.1123936e-02
   3.0000000e-03  -3.4318378e-02   2.1448496e-02
   4.0000000e-03  -3.4142173e-02   2.1539616e-02
   5.0000000e-03  -3.3942752e-02   2.1474304e-02
   6.0000000e-03  -3.3807137e-02   2.0571089e-02
   7.0000000e-03  -3.4410460e-02   2.1588203e-02
   8.0000000e-03  -3.4338786e-02   2.3943082e-02
   9.0000000e-03  -3.4566103e-02   2.4332854e-02
   1.0000000e-02  -3.4627813e-02   2.5181349e-02
   1.1000000e-02  -3.4935827e-02   2.5522388e-02
   1.2000000e-02  -3.3989040e-02   2.5549966e-02
   1.3000000e-02  -3.3735871e-02   2.4850506e-02
   1.4000000e-02  -3.3541290e-02   2.5682445e-02
   1.5000000e-02  -3.3320365e-02   2.5989395e-02
   1.6000000e-02  -3.2592809e-02   2.5795432e-02
   1.7000000e-02  -3.2699681e-02   2.6068585e-02
   1.8000000e-02  -3.2310142e-02   2.7285035e-02
   1.9000000e-02  -3.1033605e-02   2.5896983e-02
   2.0000000e-02  -3.1504586e-02   2.6972940e-02
