  -1.1000000e+03   1.1781134e-02   2.6536192e-02
  -1.0990000e+03   6.9471357e-03   1.7557633e-02
  -1.0980000e+03   3.4723270e-03   2.1789722e-02
  -1.0970000e+03   3.8859795e-03   3.5765377e-02
  -1.0960000e+03  -4.0374962e-03   3.9976164e-02
  -1.0950000e+03  -3.3620751e-03   4.1004145e-02
  -1.0940000e+03   7.2571969e-03   4.7666720e-02
  -1.0930000e+03   9.5952269e-03   5.9331078e-02
  -1.0920000e+03   2.5053049e-02   3.7910438e-02
  -1.0910000e+03   3.2090244e-02   3.3383172e-02
  -1.0900000e+03   1.4612358e-02   6.4384502e-02
  -1.0890000e+03   1.9906920e-02   1.4587972e-02
  -1.0880000e+03   8.4375459e-03   2.6104034e-02
  -1.0870000e+03  -1.9427522e-02   4.3109789e-02
  -1.0860000e+03  -3.9927747e-03   3.0133447e-02
  -1.0850000e+03  -1.5682382e-02   5.5670408e-02
  -1.0840000e+03   1.5195231e-02   4.1869114e-02
  -1.0830000e+03   8.1856366e-03   2.8935750e-02
  -1.0820000e+03  -1.3234969e-03   4.1386647e-02
  -1.0810000e+03  -4.4824839e-04   4.1481419e-02
  -1.0800000e+03   1.5278017e-02   2.8007917e-02
  -1.0790000e+03   4.3608057e-03   2.4737144e-02
  -1.0780000e+03  -4.3808899e-03   2.1259813e-02
  -1.0770000e+03  -7.0574583e-03   2.3653487e-02
  -1.0760000e+03   5.1345015e-03   2.6248193e-02
  -1.0750000e+03   4.2691976e-03   2.6936117e-02
  -1.0740000e+03   3.1186418e-03   2.3575494e-02
  -1.0730000e+03   5.0764099e-03   3.1430163e-02
  -1.0720000e+03   8.1273113e-03   4.5186102e-02
  -1.0710000e+03   1.6793812e-02   4.1925450e-02
  -1.0700000e+03   3.3232761e-03   5.9588927e-02
  -1.0690000e+03   5.3885376e-03   4.7691101e-02
  -1.0680000e+03   2.2571609e-02   4.4101581e-02
  -1.0670000e+03   2.3936833e-02   4.2185094e-02
  -1.0660000e+03   1.3398441e-03   6.7416521e-02
  -1.0650000e+03   5.2538438e-03   6.8393109e-02
  -1.0640000e+03   3.1924395e-02   2.9476246e-02
  -1.0630000e+03   1.5226621e-02   3.8603474e-02
  -1.0620000e+03   1.3793851e-02   3.6913657e-02
  -1.0610000e+03   1.9164298e-02   2.9826771e-02
  -1.0600000e+03   1.7905351e-02   2.3043145e-02
  -1.0590000e+03   8.9509052e-03   3.1121086e-02
  -1.0580000e+03   7.8252072e-03   2.9311114e-02
  -1.0570000e+03   1.1615880e-02   3.6789960e-02
  -1.0560000e+03   1.6509646e-02   3.9067909e-02
  -1.0550000e+03   1.8415123e-02   3.5374864e-02
  -1.0540000e+03   8.3672477e-03   5.0530931e-02
  -1.0530000e+03   5.0317732e-03   3.8893517e-02
  -1.0520000e+03   9.8139891e-03   4.0876808e-02
  -1.0510000e+03  -9.7562158e-03   3.6794063e-02
  -1.0500000e+03  -1.0786792e-02   4.2751276e-02
  -1.0490000e+03   1.2560316e-02   2.7349714e-02
  -1.0480000e+03  -1.5077382e-02   7.0039242e-02
  -1.0470000e+03   6.6462479e-03   5.9258094e-02
  -1.0460000e+03  -2.6793994e-02   7.4649148e-02
  -1.0450000e+03   3.9690624e-03   5.8536061e-02
  -1.0440000e+03   6.1188507e-03   6.1990118e-02
  -1.0430000e+03   6.3343642e-03   5.6182608e-02
  -1.0420000e+03   7.5335213e-03   3.6083406e-02
  -1.0410000e+03   2.1323100e-02   1.8541821e-02
  -1.0400000e+03   1.1779300e-02   3.5447117e-02
  -1.0390000e+03  -4.5780782e-03   3.9448408e-02
  -1.0380000e+03   9.8279600e-03   4.4197063e-02
  -1.0370000e+03  -3.3022787e-03   3.2812319e-02
  -1.0360000e+03  -2.2509904e-02   6.6090212e-02
  -1.0350000e+03  -6.5045444e-03   3.9228604e-02
  -1.0340000e+03  -2.0832758e-02   4.3644848e-02
  -1.0330000e+03  -8.1436329e-05   2.5461163e-02
  -1.0320000e+03   1.5860294e-02   2.8804596e-02
  -1.0310000e+03   1.8762452e-02   2.4450856e-02
  -1.0300000e+03   1.2228787e-02   1.7302032e-02
  -1.0290000e+03   9.3948422e-03   3.7118340e-02
  -1.0280000e+03   1.7180719e-02   2.3476805e-02
  -1.0270000e+03   1.2600756e-02   2.7157387e-02
  -1.0260000e+03   1.5969566e-02   2.7433917e-02
  -1.0250000e+03   1.5110994e-02   2.7825012e-02
  -1.0240000e+03   7.4564091e-03   3.2848876e-02
  -1.0230000e+03   4.2328908e-03   4.6235071e-02
  -1.0220000e+03   7.5247613e-03   4.5658412e-02
  -1.0210000e+03  -1.7752953e-02   5.0988822e-02
  -1.0200000e+03  -6.0209007e-03   3.2846259e-02
  -1.0190000e+03   3.2093599e-03   4.4023198e-02
  -1.0180000e+03   6.3981150e-03   3.5813767e-02
  -1.0170000e+03   1.5541444e-02   3.6599334e-02
  -1.0160000e+03  -7.1960240e-03   5.2467676e-02
  -1.0150000e+03  -7.7450736e-04   3.5230407e-02
  -1.0140000e+03  -1.0514980e-02   4.6506014e-02
  -1.0130000e+03  -3.2585142e-03   3.4111884e-02
  -1.0120000e+03  -3.1517558e-03   3.5069155e-02
  -1.0110000e+03  -6.5946587e-03   3.3490353e-02
  -1.0100000e+03  -2.1670236e-03   4.0466132e-02
  -1.0090000e+03   8.2665225e-03   3.3756414e-02
  -1.0080000e+03   7.3543373e-03   3.5384087e-02
  -1.0070000e+03   9.2453479e-03   2.6307920e-02
  -1.0060000e+03  -2.4346441e-03   4.2598347e-02
  -1.0050000e+03   1.2271954e-02   3.8979762e-02
  -1.0040000e+03   1.5485617e-02   4.5957554e-02
  -1.0030000e+03   2.5327020e-02   3.6123953e-02
  -1.0020000e+03   1.5978126e-02   3.4019229e-02
  -1.0010000e+03   1.6564316e-02   3.5108004e-02
  -1.0000000e+03   2.0261885e-02   3.3488757e-02
  -9.9900000e+02   1.9851001e-02   4.7170889e-02
  -9.9800000e+02   2.0534577e-02   4.9570631e-02
  -9.9700000e+02   1.1512373e-02   6.4164795e-02
  -9.9600000e+02   1.6099191e-02   3.9103174e-02
  -9.9500000e+02   9.7317878e-03   4.5045416e-02
  -9.9400000e+02   2.4332791e-02   3.7246586e-02
  -9.9300000e+02   1.8033267e-02   4.9620525e-02
  -9.9200000e+02   1.4734646e-02   3.2984131e-02
  -9.9100000e+02  -3.2173933e-03   3.8304308e-02
  -9.9000000e+02  -7.8009018e-03   3.3332407e-02
  -9.8900000e+02   2.9682778e-03   2.5647077e-02
  -9.8800000e+02  -9.5025309e-04   3.8187055e-02
  -9.8700000e+02   1.3411462e-02   2.9735714e-02
  -9.8600000e+02   1.7974539e-02   2.4863161e-02
  -9.8500000e+02   1.5292609e-02   2.5398360e-02
  -9.8400000e+02   6.5021643e-04   3.2669535e-02
  -9.8300000e+02   1.0854140e-02   3.9367530e-02
  -9.8200000e+02   5.0729799e-03   5.6220663e-02
  -9.8100000e+02   2.0088413e-02   3.9565239e-02
  -9.8000000e+02   2.9487678e-02   4.0239269e-02
  -9.7900000e+02   1.6220675e-02   2.9586779e-02
  -9.7800000e+02   1.8673305e-02   2.1034212e-02
  -9.7700000e+02   2.1664576e-02   2.4121130e-02
  -9.7600000e+02   7.9373777e-03   4.7040932e-02
  -9.7500000e+02   1.7633915e-02   3.2430147e-02
  -9.7400000e+02   7.0010487e-03   4.4127513e-02
  -9.7300000e+02  -3.9211079e-03   5.4034357e-02
  -9.7200000e+02   2.4785993e-03   4.5580802e-02
  -9.7100000e+02   9.6734378e-03   4.6866094e-02
  -9.7000000e+02   1.0441921e-02   3.9812906e-02
  -9.6900000e+02   2.0998484e-02   2.0100705e-02
  -9.6800000e+02   1.3936906e-02   2.3441079e-02
  -9.6700000e+02   1.4410137e-02   2.4226020e-02
  -9.6600000e+02   1.1544858e-02   2.3176516e-02
  -9.6500000e+02   8.8458556e-03   3.3100267e-02
  -9.6400000e+02   2.6805059e-03   2.5772338e-02
  -9.6300000e+02   3.5291585e-03   2.7360639e-02
  -9.6200000e+02   8.8734359e-03   2.8307816e-02
  -9.6100000e+02  -9.1850729e-03   4.8515294e-02
  -9.6000000e+02   2.9407340e-03   1.5397915e-02
  -9.5900000e+02  -2.7965216e-03   2.9988316e-02
  -9.5800000e+02  -8.1143712e-03   3.3095657e-02
  -9.5700000e+02   1.4743782e-04   4.5180003e-02
  -9.5600000e+02  -7.5467211e-03   5.6741473e-02
  -9.5500000e+02   4.7494238e-03   3.8576965e-02
  -9.5400000e+02   6.5782871e-03   5.8632832e-02
  -9.5300000e+02   3.0620537e-02   3.0364996e-02
  -9.5200000e+02   5.6965649e-03   5.1004932e-02
  -9.5100000e+02   2.0905537e-02   2.1456598e-02
  -9.5000000e+02   2.6506092e-02   1.6444824e-02
  -9.4900000e+02   1.8085098e-02   2.3385758e-02
  -9.4800000e+02   1.8256887e-02   2.2350196e-02
  -9.4700000e+02   1.7023085e-02   4.3443456e-02
  -9.4600000e+02   3.0333314e-02   2.4475346e-02
  -9.4500000e+02   2.9372593e-02   3.7320419e-02
  -9.4400000e+02   2.2937942e-02   4.4424033e-02
  -9.4300000e+02   2.3739625e-04   4.6768950e-02
  -9.4200000e+02  -4.1118308e-03   4.1172485e-02
  -9.4100000e+02   8.3795001e-03   3.4241541e-02
  -9.4000000e+02   1.8147717e-02   2.5702554e-02
  -9.3900000e+02   3.2285235e-02   4.3912730e-02
  -9.3800000e+02   3.2528111e-02   4.7494057e-02
  -9.3700000e+02   2.8462691e-03   5.8587152e-02
  -9.3600000e+02  -6.8067560e-03   5.0992476e-02
  -9.3500000e+02  -2.8763384e-03   3.8140914e-02
  -9.3400000e+02  -8.4716851e-03   4.0944033e-02
  -9.3300000e+02  -3.4640854e-03   2.7529658e-02
  -9.3200000e+02  -1.1403626e-02   4.5572740e-02
  -9.3100000e+02   3.7028125e-03   3.4933472e-02
  -9.3000000e+02   4.0767730e-03   4.4864108e-02
  -9.2900000e+02   5.5262027e-03   5.1746631e-02
  -9.2800000e+02   1.2647925e-02   5.1103480e-02
  -9.2700000e+02   9.4335711e-03   5.0682684e-02
  -9.2600000e+02   1.7811181e-02   2.9758765e-02
  -9.2500000e+02   6.1301798e-03   5.6897874e-02
  -9.2400000e+02   2.6200919e-02   3.0941613e-02
  -9.2300000e+02   2.4632116e-02   4.6557714e-02
  -9.2200000e+02   1.4505388e-02   3.8201005e-02
  -9.2100000e+02  -6.2058784e-03   1.0559402e-01
  -9.2000000e+02  -2.2193671e-02   1.2735719e-01
  -9.1900000e+02  -8.2733676e-03   9.5879205e-02
  -9.1800000e+02  -1.5988153e-02   5.9206053e-02
  -9.1700000e+02  -8.1063850e-03   3.2636585e-02
  -9.1600000e+02   8.6737151e-03   2.5057293e-02
  -9.1500000e+02   1.7436375e-02   1.4573962e-02
  -9.1400000e+02   1.2190362e-02   1.9177417e-02
  -9.1300000e+02   1.5318463e-02   2.2991409e-02
  -9.1200000e+02   9.0741820e-03   2.7191332e-02
  -9.1100000e+02   2.9592148e-02   2.2676340e-02
  -9.1000000e+02   3.1232528e-02   2.5629550e-02
  -9.0900000e+02   2.0983446e-02   3.7771212e-02
  -9.0800000e+02   1.6457973e-02   3.4409737e-02
  -9.0700000e+02   1.6438982e-02   2.5009533e-02
  -9.0600000e+02   9.5075951e-03   5.1676679e-02
  -9.0500000e+02   9.6355245e-03   2.8930087e-02
  -9.0400000e+02  -8.5776459e-03   4.6527307e-02
  -9.0300000e+02   1.5759621e-03   2.8106940e-02
  -9.0200000e+02   8.0743547e-03   3.1583574e-02
  -9.0100000e+02   1.1954373e-02   2.5221387e-02
  -9.0000000e+02   1.0401139e-02   2.8568001e-02
  -8.9900000e+02   1.4491397e-02   3.3131191e-02
  -8.9800000e+02   1.9006598e-02   2.7952833e-02
  -8.9700000e+02   2.2561622e-02   3.0400320e-02
  -8.9600000e+02   4.2691649e-03   4.0456273e-02
  -8.9500000e+02   1.3649776e-02   4.2446383e-02
  -8.9400000e+02   1.8962292e-02   2.9159678e-02
  -8.9300000e+02   3.2111854e-03   3.5985725e-02
  -8.9200000e+02  -8.3698190e-03   3.7938378e-02
  -8.9100000e+02   8.7938478e-03   2.6444873e-02
  -8.9000000e+02   2.0396956e-02   2.9296252e-02
  -8.8900000e+02   1.4470490e-02   2.5025043e-02
  -8.8800000e+02   1.6593156e-02   3.1958633e-02
  -8.8700000e+02   2.4444666e-02   4.7973023e-02
  -8.8600000e+02  -3.1936812e-03   3.9892159e-02
  -8.8500000e+02   1.3632935e-02   3.1691864e-02
  -8.8400000e+02  -5.7524107e-03   4.3423483e-02
  -8.8300000e+02  -9.3731903e-03   5.4449571e-02
  -8.8200000e+02   9.7929008e-03   3.2217275e-02
  -8.8100000e+02   6.5084210e-03   3.2550071e-02
  -8.8000000e+02   1.0080795e-02   2.9583939e-02
  -8.7900000e+02   8.9783704e-03   2.6007392e-02
  -8.7800000e+02   9.7101847e-03   3.0253112e-02
  -8.7700000e+02   1.5048797e-02   2.7413821e-02
  -8.7600000e+02   1.3230211e-02   2.5236479e-02
  -8.7500000e+02   9.7742557e-03   3.0482328e-02
  -8.7400000e+02   1.6939804e-02   3.2994684e-02
  -8.7300000e+02   1.2952414e-02   4.0083828e-02
  -8.7200000e+02   1.7133902e-02   5.8950429e-02
  -8.7100000e+02   2.2450451e-02   7.1196923e-02
  -8.7000000e+02   9.6771273e-03   8.3977032e-02
  -8.6900000e+02   2.6130933e-02   7.2698771e-02
  -8.6800000e+02   3.1406775e-02   5.8747389e-02
  -8.6700000e+02   2.9969447e-02   4.8139940e-02
  -8.6600000e+02   2.5791695e-02   3.5661109e-02
  -8.6500000e+02   1.9328300e-02   2.2614157e-02
  -8.6400000e+02   1.7326803e-02   2.2822116e-02
  -8.6300000e+02   1.4490122e-02   2.4087379e-02
  -8.6200000e+02   7.5571270e-03   4.3019756e-02
  -8.6100000e+02   1.9014638e-02   3.2627295e-02
  -8.6000000e+02   1.1783779e-02   2.1221316e-02
  -8.5900000e+02   3.7102330e-03   1.5702452e-02
  -8.5800000e+02   2.3364336e-03   3.0603607e-02
  -8.5700000e+02   5.8619197e-03   3.1250675e-02
  -8.5600000e+02   1.4439482e-02   3.7954283e-02
  -8.5500000e+02   9.5955240e-03   3.9837170e-02
  -8.5400000e+02   6.4370178e-04   4.5078700e-02
  -8.5300000e+02  -7.0031160e-04   3.1234499e-02
  -8.5200000e+02  -4.2351996e-04   3.1453942e-02
  -8.5100000e+02   8.7229253e-03   2.8369487e-02
  -8.5000000e+02   1.2517112e-02   3.2819187e-02
  -8.4900000e+02   1.2055464e-02   2.2298613e-02
  -8.4800000e+02   1.0093440e-02   2.6053088e-02
  -8.4700000e+02   1.1572559e-02   3.5843269e-02
  -8.4600000e+02   1.7131164e-02   3.0803818e-02
  -8.4500000e+02   9.7235210e-03   3.5862339e-02
  -8.4400000e+02   8.8676732e-03   2.7257997e-02
  -8.4300000e+02   5.6302892e-03   4.3516753e-02
  -8.4200000e+02   5.8230916e-03   2.9369468e-02
  -8.4100000e+02   5.2087497e-03   2.9844860e-02
  -8.4000000e+02   6.1245127e-05   2.9134701e-02
  -8.3900000e+02  -9.7895316e-03   4.6786110e-02
  -8.3800000e+02   1.0424995e-02   3.4545741e-02
  -8.3700000e+02   8.7096183e-03   5.6087240e-02
  -8.3600000e+02   1.3928953e-02   5.9670632e-02
  -8.3500000e+02   1.8339217e-02   4.9729403e-02
  -8.3400000e+02   1.6208846e-02   5.0363140e-02
  -8.3300000e+02   1.4951049e-02   4.6528746e-02
  -8.3200000e+02   2.3820463e-02   3.7205080e-02
  -8.3100000e+02   1.4171599e-02   4.1355979e-02
  -8.3000000e+02   2.4763170e-02   3.6686983e-02
  -8.2900000e+02   2.1801556e-02   5.9774922e-02
  -8.2800000e+02   7.6534232e-03   8.7413890e-02
  -8.2700000e+02   9.7209209e-03   2.9497344e-02
  -8.2600000e+02   1.3448158e-02   2.4015458e-02
  -8.2500000e+02   1.7162103e-02   3.3247134e-02
  -8.2400000e+02   1.5633288e-02   3.1959576e-02
  -8.2300000e+02  -1.1164063e-03   4.3045763e-02
  -8.2200000e+02   1.2449189e-02   2.7599829e-02
  -8.2100000e+02   9.6038435e-03   3.6883983e-02
  -8.2000000e+02   1.2925305e-02   4.3314994e-02
  -8.1900000e+02   1.3444969e-02   4.6459937e-02
  -8.1800000e+02   1.9062485e-02   4.4546636e-02
  -8.1700000e+02   2.1084568e-02   4.3491783e-02
  -8.1600000e+02   3.4436464e-03   4.7435668e-02
  -8.1500000e+02   3.7058140e-03   6.5765678e-02
  -8.1400000e+02   1.9363378e-02   3.9850912e-02
  -8.1300000e+02  -2.2201287e-03   4.6329256e-02
  -8.1200000e+02  -9.6609219e-03   6.0064612e-02
  -8.1100000e+02  -1.2339258e-02   4.0042359e-02
  -8.1000000e+02   4.0194430e-03   3.4624623e-02
  -8.0900000e+02  -3.1337929e-03   4.1367534e-02
  -8.0800000e+02   8.9276828e-03   3.5781854e-02
  -8.0700000e+02   3.9302865e-03   3.6343435e-02
  -8.0600000e+02   5.4930535e-03   3.1268950e-02
  -8.0500000e+02   3.5171024e-03   2.9034487e-02
  -8.0400000e+02   1.8107373e-04   3.5832639e-02
  -8.0300000e+02   8.1859385e-03   2.3453162e-02
  -8.0200000e+02   1.6230091e-02   2.6066449e-02
  -8.0100000e+02   6.1840231e-03   3.2061872e-02
  -8.0000000e+02   1.3193457e-02   2.3330924e-02
  -7.9900000e+02   1.2745734e-02   1.6149264e-02
  -7.9800000e+02   1.2973292e-02   2.4526388e-02
  -7.9700000e+02   8.7242147e-03   1.6197340e-02
  -7.9600000e+02   1.1685700e-02   2.9376752e-02
  -7.9500000e+02   5.4899294e-03   3.6924384e-02
  -7.9400000e+02  -9.9530654e-03   5.7976286e-02
  -7.9300000e+02   1.5773027e-02   3.0973622e-02
  -7.9200000e+02   3.0611616e-03   4.7743991e-02
  -7.9100000e+02   1.3665124e-02   3.1833670e-02
  -7.9000000e+02   6.2144917e-03   6.1371554e-02
  -7.8900000e+02   3.1441703e-03   5.4407138e-02
  -7.8800000e+02   7.7517998e-03   5.7017556e-02
  -7.8700000e+02  -1.3835679e-02   6.6671477e-02
  -7.8600000e+02  -3.1791775e-03   5.7539152e-02
  -7.8500000e+02  -4.8752894e-03   5.5597755e-02
  -7.8400000e+02   1.9522013e-03   2.4412816e-02
  -7.8300000e+02   1.3630294e-02   3.1903962e-02
  -7.8200000e+02   1.0951779e-02   2.0955798e-02
  -7.8100000e+02   2.6255138e-04   4.8526406e-02
  -7.8000000e+02   1.1243817e-02   2.2753821e-02
  -7.7900000e+02   1.8968221e-02   2.4603703e-02
  -7.7800000e+02   1.4394247e-02   2.4038144e-02
  -7.7700000e+02   8.9046793e-03   2.2201308e-02
  -7.7600000e+02   8.4602473e-03   2.1284855e-02
  -7.7500000e+02   1.4187571e-03   3.6073962e-02
  -7.7400000e+02  -2.0662416e-03   3.6316283e-02
  -7.7300000e+02  -2.4605187e-03   3.8564569e-02
  -7.7200000e+02   1.3191963e-03   3.5029136e-02
  -7.7100000e+02   7.4964095e-03   3.4318831e-02
  -7.7000000e+02   1.0814047e-02   3.0491881e-02
  -7.6900000e+02   6.7630490e-03   2.7465605e-02
  -7.6800000e+02  -6.6508749e-03   2.5458298e-02
  -7.6700000e+02  -1.2581954e-02   4.2083164e-02
  -7.6600000e+02  -6.5341874e-03   2.7862591e-02
  -7.6500000e+02  -1.0962490e-05   2.4824249e-02
  -7.6400000e+02   5.2364350e-03   2.7963924e-02
  -7.6300000e+02  -2.9299769e-04   3.0235151e-02
  -7.6200000e+02  -8.4958016e-03   3.1373477e-02
  -7.6100000e+02  -1.3821140e-02   5.0419053e-02
  -7.6000000e+02   1.4570784e-03   3.2782264e-02
  -7.5900000e+02  -1.3568899e-03   4.7326623e-02
  -7.5800000e+02  -1.9907368e-03   4.9365791e-02
  -7.5700000e+02   4.6435963e-03   3.5750918e-02
  -7.5600000e+02   1.5043681e-02   3.1353630e-02
  -7.5500000e+02   1.2015414e-02   3.8457974e-02
  -7.5400000e+02   1.5936383e-02   2.8650258e-02
  -7.5300000e+02   1.5237652e-02   3.2362520e-02
  -7.5200000e+02   2.5283914e-02   3.8483956e-02
  -7.5100000e+02   1.7273174e-02   4.7316368e-02
  -7.5000000e+02   1.9555654e-02   4.4852599e-02
  -7.4900000e+02   1.3438186e-02   4.7615823e-02
  -7.4800000e+02   8.6035984e-03   4.6291798e-02
  -7.4700000e+02   1.8689409e-02   3.0859764e-02
  -7.4600000e+02   1.5848927e-02   3.9034885e-02
  -7.4500000e+02   3.4127909e-02   1.9095900e-02
  -7.4400000e+02   2.6803645e-02   1.6114060e-02
  -7.4300000e+02   2.9858983e-02   2.1135045e-02
  -7.4200000e+02   9.7216828e-03   2.5958162e-02
  -7.4100000e+02   1.8820242e-03   3.6944743e-02
  -7.4000000e+02   2.6689311e-03   3.8773239e-02
  -7.3900000e+02   4.2542704e-03   3.0461303e-02
  -7.3800000e+02   1.2470993e-02   2.1536289e-02
  -7.3700000e+02   9.3119751e-03   3.0983724e-02
  -7.3600000e+02   8.9933091e-03   2.6089151e-02
  -7.3500000e+02   1.0553528e-02   3.3244239e-02
  -7.3400000e+02  -5.5156586e-04   2.5643724e-02
  -7.3300000e+02   4.7381404e-03   2.4586077e-02
  -7.3200000e+02   3.1609930e-03   2.9738490e-02
  -7.3100000e+02   6.3491747e-03   2.9965194e-02
  -7.3000000e+02  -8.8603584e-03   6.3737188e-02
  -7.2900000e+02   2.5368570e-04   3.3956574e-02
  -7.2800000e+02   3.3988611e-03   2.5888166e-02
  -7.2700000e+02   1.1030876e-02   3.3409319e-02
  -7.2600000e+02  -1.5836673e-03   4.6135827e-02
  -7.2500000e+02   6.3060796e-03   4.6070377e-02
  -7.2400000e+02   1.0482314e-02   5.1953361e-02
  -7.2300000e+02   1.6663281e-02   4.2581631e-02
  -7.2200000e+02   1.6040486e-02   3.6972342e-02
  -7.2100000e+02   1.2134853e-02   2.8747667e-02
  -7.2000000e+02   7.3413115e-03   3.6319845e-02
  -7.1900000e+02   5.8205131e-03   2.4207450e-02
  -7.1800000e+02   5.3846846e-03   2.0486562e-02
  -7.1700000e+02   9.3593117e-03   2.3322538e-02
  -7.1600000e+02   7.4478758e-03   3.2662609e-02
  -7.1500000e+02   1.0957397e-02   3.7818789e-02
  -7.1400000e+02   2.4432700e-02   2.7820092e-02
  -7.1300000e+02   2.5118950e-02   2.5513538e-02
  -7.1200000e+02   2.0151330e-02   2.2307041e-02
  -7.1100000e+02   1.2941587e-02   2.4621386e-02
  -7.1000000e+02   1.2967428e-02   3.1776702e-02
  -7.0900000e+02   9.2706565e-03   4.3963335e-02
  -7.0800000e+02   1.2445656e-02   3.5076554e-02
  -7.0700000e+02   9.2319548e-03   4.7034324e-02
  -7.0600000e+02   4.6595452e-03   2.6405162e-02
  -7.0500000e+02   7.4785058e-03   5.5075398e-02
  -7.0400000e+02   8.7842706e-05   2.5104273e-02
  -7.0300000e+02  -4.5927793e-04   2.7075419e-02
  -7.0200000e+02  -9.5746503e-03   3.1636017e-02
  -7.0100000e+02  -1.3740676e-02   3.2032882e-02
  -7.0000000e+02  -2.4827216e-02   4.3613417e-02
  -6.9900000e+02  -1.1003752e-02   2.9006132e-02
  -6.9800000e+02  -8.2003580e-04   3.0259169e-02
  -6.9700000e+02  -4.2225861e-03   5.5183554e-02
  -6.9600000e+02   1.2171250e-02   2.5895779e-02
  -6.9500000e+02   1.9367808e-02   2.9759730e-02
  -6.9400000e+02   1.1666832e-02   2.1481993e-02
  -6.9300000e+02  -9.6818200e-05   3.4892659e-02
  -6.9200000e+02   2.0927670e-04   3.1396562e-02
  -6.9100000e+02   1.7241382e-02   2.3553961e-02
  -6.9000000e+02   1.6333680e-02   5.6833442e-02
  -6.8900000e+02   2.3820357e-02   6.3299532e-02
  -6.8800000e+02   2.7763021e-02   3.8170104e-02
  -6.8700000e+02   3.6306371e-02   4.1651143e-02
  -6.8600000e+02   2.4136369e-02   3.1430641e-02
  -6.8500000e+02   3.0613910e-02   3.2273454e-02
  -6.8400000e+02   2.4654407e-02   2.3682405e-02
  -6.8300000e+02   1.6381465e-02   5.0991232e-02
  -6.8200000e+02   8.1963601e-03   3.4247694e-02
  -6.8100000e+02   1.7871374e-02   3.5209334e-02
  -6.8000000e+02   1.8997194e-02   5.4114161e-02
  -6.7900000e+02   2.2168063e-02   4.4082825e-02
  -6.7800000e+02   9.9811830e-03   4.3670558e-02
  -6.7700000e+02   1.0998648e-02   3.0633058e-02
  -6.7600000e+02   6.1834844e-03   2.9322821e-02
  -6.7500000e+02   1.5883624e-03   1.6536918e-02
  -6.7400000e+02   1.0323805e-02   3.3859996e-02
  -6.7300000e+02   2.1634161e-02   2.1936700e-02
  -6.7200000e+02   8.3766055e-03   3.9110992e-02
  -6.7100000e+02   1.4883097e-02   2.2189245e-02
  -6.7000000e+02   1.6859059e-02   2.5151431e-02
  -6.6900000e+02   2.6604686e-02   3.1100875e-02
  -6.6800000e+02   2.1010927e-02   5.4524630e-02
  -6.6700000e+02   1.5902327e-02   5.5502639e-02
  -6.6600000e+02   1.7308954e-02   3.0657268e-02
  -6.6500000e+02   5.7739180e-03   2.3710246e-02
  -6.6400000e+02   5.3784374e-04   3.1496418e-02
  -6.6300000e+02   1.7612395e-02   3.3564768e-02
  -6.6200000e+02   9.5811399e-03   3.1219439e-02
  -6.6100000e+02   7.2982979e-03   5.1321689e-02
  -6.6000000e+02   1.0584411e-02   6.7684146e-02
  -6.5900000e+02   1.3159916e-02   5.5292812e-02
  -6.5800000e+02   2.3250392e-02   2.9811343e-02
  -6.5700000e+02   3.0307955e-02   2.6454435e-02
  -6.5600000e+02   2.3270085e-02   4.3798168e-02
  -6.5500000e+02   2.7359347e-02   3.3237156e-02
  -6.5400000e+02   2.6518476e-02   2.8673605e-02
  -6.5300000e+02   1.4874886e-02   4.0754529e-02
  -6.5200000e+02   8.2133993e-03   3.5318043e-02
  -6.5100000e+02   8.5794372e-03   4.5229569e-02
  -6.5000000e+02   1.6397538e-02   3.1782680e-02
  -6.4900000e+02   2.0740473e-02   3.2786368e-02
  -6.4800000e+02   2.2763163e-02   2.0919518e-02
  -6.4700000e+02   2.3445450e-02   2.7524351e-02
  -6.4600000e+02   2.1122260e-02   2.7429904e-02
  -6.4500000e+02   1.9293499e-02   2.7026861e-02
  -6.4400000e+02   2.0502524e-02   2.6022780e-02
  -6.4300000e+02   1.5621326e-02   2.8592555e-02
  -6.4200000e+02   1.0019099e-03   3.0585685e-02
  -6.4100000e+02   2.3803201e-03   2.5167899e-02
  -6.4000000e+02  -5.2737705e-04   4.1067470e-02
  -6.3900000e+02   5.4083388e-03   4.2662411e-02
  -6.3800000e+02   1.6868351e-02   3.2314032e-02
  -6.3700000e+02  -2.2692847e-04   3.9093369e-02
  -6.3600000e+02   9.8492960e-03   2.5745043e-02
  -6.3500000e+02   2.9809385e-03   3.2536352e-02
  -6.3400000e+02   2.1125896e-02   2.7364933e-02
  -6.3300000e+02   1.5127901e-02   2.5064180e-02
  -6.3200000e+02   2.8445947e-02   2.2382735e-02
  -6.3100000e+02   3.2383063e-02   2.6867453e-02
  -6.3000000e+02   2.7322596e-02   4.5787626e-02
  -6.2900000e+02   2.5607349e-02   3.2042164e-02
  -6.2800000e+02   1.7964517e-02   5.3455530e-02
  -6.2700000e+02   5.4228479e-03   4.3727353e-02
  -6.2600000e+02   1.4537141e-02   2.6995182e-02
  -6.2500000e+02   1.2082556e-02   3.5672193e-02
  -6.2400000e+02   1.5949893e-02   3.3087991e-02
  -6.2300000e+02  -1.4675522e-02   6.8866042e-02
  -6.2200000e+02  -1.0107184e-02   8.2145504e-02
  -6.2100000e+02  -1.6939372e-02   8.6926524e-02
  -6.2000000e+02  -1.5787482e-02   8.3403009e-02
  -6.1900000e+02  -2.1161285e-02   7.7901212e-02
  -6.1800000e+02  -2.6471221e-02   7.2650930e-02
  -6.1700000e+02  -2.0390059e-02   7.6996205e-02
  -6.1600000e+02  -1.3486053e-02   6.3051509e-02
  -6.1500000e+02   4.3772112e-03   6.5979980e-02
  -6.1400000e+02   9.0258973e-03   7.0055400e-02
  -6.1300000e+02   5.7161735e-03   6.8239800e-02
  -6.1200000e+02   8.7445534e-03   6.1983239e-02
  -6.1100000e+02   1.9105682e-02   6.2601171e-02
  -6.1000000e+02   1.1839509e-02   5.2794752e-02
  -6.0900000e+02   1.8475547e-02   5.1010215e-02
  -6.0800000e+02   1.0689675e-02   4.0495841e-02
  -6.0700000e+02   1.5326412e-02   3.1239226e-02
  -6.0600000e+02   1.1671593e-02   2.9376753e-02
  -6.0500000e+02   1.1150900e-02   3.1310672e-02
  -6.0400000e+02   1.1067177e-02   2.6780265e-02
  -6.0300000e+02   1.5687452e-02   2.7252122e-02
  -6.0200000e+02   1.7791268e-02   3.2612113e-02
  -6.0100000e+02   1.9919813e-02   3.1731633e-02
  -6.0000000e+02   2.1383505e-02   2.9625079e-02
  -5.9900000e+02   2.3032478e-02   3.2025531e-02
  -5.9800000e+02   2.2381143e-02   4.4319226e-02
  -5.9700000e+02   2.0584821e-02   4.5284414e-02
  -5.9600000e+02   3.1631875e-02   3.4112323e-02
  -5.9500000e+02   2.4035733e-02   3.6686169e-02
  -5.9400000e+02   1.4763126e-02   2.6613135e-02
  -5.9300000e+02   1.3088883e-02   3.5554096e-02
  -5.9200000e+02   1.3170335e-02   3.1059387e-02
  -5.9100000e+02   1.6682472e-02   3.6091203e-02
  -5.9000000e+02   2.6336775e-02   4.0448359e-02
  -5.8900000e+02   1.2136770e-02   5.5035982e-02
  -5.8800000e+02   1.6668500e-02   4.9246068e-02
  -5.8700000e+02   1.2263209e-02   4.0486532e-02
  -5.8600000e+02   8.5078228e-03   2.3240149e-02
  -5.8500000e+02   4.3296460e-03   3.8527305e-02
  -5.8400000e+02   1.7224629e-02   2.4924311e-02
  -5.8300000e+02   1.6860667e-02   3.4613488e-02
  -5.8200000e+02   8.8058527e-03   4.4937775e-02
  -5.8100000e+02   6.2734924e-03   4.4574670e-02
  -5.8000000e+02   1.6033583e-02   3.2816161e-02
  -5.7900000e+02   9.0351260e-03   2.0348274e-02
  -5.7800000e+02   1.8119865e-02   3.2121364e-02
  -5.7700000e+02   2.5043836e-02   4.1199020e-02
  -5.7600000e+02   2.1839177e-02   5.3548591e-02
  -5.7500000e+02   1.9678321e-02   5.5711397e-02
  -5.7400000e+02   2.0329845e-02   4.3294030e-02
  -5.7300000e+02   1.3544670e-03   4.4857961e-02
  -5.7200000e+02   4.7313646e-03   3.3805852e-02
  -5.7100000e+02   1.1573815e-03   3.0149781e-02
  -5.7000000e+02   4.7245964e-03   3.4707606e-02
  -5.6900000e+02  -4.7351244e-03   4.7578484e-02
  -5.6800000e+02  -6.6139982e-03   5.5160396e-02
  -5.6700000e+02   5.6580846e-03   3.1808158e-02
  -5.6600000e+02   1.0436709e-02   2.3686447e-02
  -5.6500000e+02  -1.3828733e-03   4.4503644e-02
  -5.6400000e+02  -8.7177366e-03   4.8992179e-02
  -5.6300000e+02   2.2536112e-03   4.5396350e-02
  -5.6200000e+02  -5.6356780e-04   2.7441833e-02
  -5.6100000e+02  -1.6399745e-02   4.7272678e-02
  -5.6000000e+02  -1.2003907e-03   4.0785306e-02
  -5.5900000e+02  -3.5137766e-03   4.0932529e-02
  -5.5800000e+02  -5.1516662e-03   1.7110477e-02
  -5.5700000e+02  -3.0928344e-03   1.8078471e-02
  -5.5600000e+02  -1.6070240e-03   2.5692999e-02
  -5.5500000e+02  -3.5401382e-03   2.9122956e-02
  -5.5400000e+02  -2.5346303e-03   3.6464657e-02
  -5.5300000e+02   1.6753813e-02   3.2656762e-02
  -5.5200000e+02   4.7812410e-03   5.1487534e-02
  -5.5100000e+02   1.9452291e-02   4.1182977e-02
  -5.5000000e+02   2.1621284e-02   2.9760572e-02
  -5.4900000e+02   1.7305109e-02   3.3121731e-02
  -5.4800000e+02   1.0329005e-02   3.6518101e-02
  -5.4700000e+02   1.3470958e-02   4.3790098e-02
  -5.4600000e+02   6.5519543e-03   6.3436427e-02
  -5.4500000e+02   9.3300147e-03   4.4701191e-02
  -5.4400000e+02  -3.3953064e-03   6.3028324e-02
  -5.4300000e+02   7.3179611e-04   5.8553093e-02
  -5.4200000e+02   5.4859008e-03   6.1016491e-02
  -5.4100000e+02   1.1681376e-02   5.6968190e-02
  -5.4000000e+02   2.6519720e-02   5.8264087e-02
  -5.3900000e+02   3.0207797e-02   3.4887711e-02
  -5.3800000e+02   3.5566861e-02   3.3998210e-02
  -5.3700000e+02   2.8351369e-02   3.4904983e-02
  -5.3600000e+02   2.3436907e-02   5.1108580e-02
  -5.3500000e+02   2.0279880e-02   5.3932851e-02
  -5.3400000e+02   3.4582697e-02   4.7670420e-02
  -5.3300000e+02   2.4390887e-02   5.4477508e-02
  -5.3200000e+02   2.3724113e-02   6.1746321e-02
  -5.3100000e+02   1.9648247e-02   6.4358610e-02
  -5.3000000e+02   1.6763560e-02   5.6639891e-02
  -5.2900000e+02   1.7643206e-02   4.7787973e-02
  -5.2800000e+02   2.5450405e-02   3.6596589e-02
  -5.2700000e+02   1.9825001e-02   4.5847681e-02
  -5.2600000e+02   1.0086225e-02   3.8137880e-02
  -5.2500000e+02   1.4884333e-02   5.1919258e-02
  -5.2400000e+02   2.5216130e-02   3.9821685e-02
  -5.2300000e+02   1.9208025e-02   5.6216517e-02
  -5.2200000e+02   7.6314244e-03   6.4384250e-02
  -5.2100000e+02   4.1908991e-03   5.0208047e-02
  -5.2000000e+02  -6.6001207e-04   5.6513942e-02
  -5.1900000e+02  -1.8313048e-03   6.2513782e-02
  -5.1800000e+02   1.9918757e-02   2.7916808e-02
  -5.1700000e+02   1.1136090e-04   5.2246189e-02
  -5.1600000e+02   3.0393266e-03   4.7705796e-02
  -5.1500000e+02   5.0697226e-03   5.4673612e-02
  -5.1400000e+02   1.1250719e-02   3.7671810e-02
  -5.1300000e+02   1.5812213e-03   4.6133557e-02
  -5.1200000e+02  -1.6323685e-03   4.5600075e-02
  -5.1100000e+02   3.1046086e-03   4.6613909e-02
  -5.1000000e+02   1.3221706e-02   4.6319060e-02
  -5.0900000e+02   2.5606145e-02   3.4405980e-02
  -5.0800000e+02   1.7349579e-02   4.6295700e-02
  -5.0700000e+02   2.2631337e-02   4.3843792e-02
  -5.0600000e+02   5.0670367e-03   3.9457736e-02
  -5.0500000e+02   1.4913782e-02   4.4955972e-02
  -5.0400000e+02   2.0479463e-02   3.1850608e-02
  -5.0300000e+02   1.8263276e-02   2.9047256e-02
  -5.0200000e+02   2.2027397e-02   2.4179786e-02
  -5.0100000e+02   1.8519370e-02   3.1997443e-02
  -5.0000000e+02   2.1475658e-02   2.4647060e-02
  -4.9900000e+02   1.6870215e-02   3.6958867e-02
  -4.9800000e+02   1.3972438e-02   3.8511475e-02
  -4.9700000e+02   1.5209505e-02   4.3005809e-02
  -4.9600000e+02   1.4205175e-04   4.4439254e-02
  -4.9500000e+02   5.5183568e-03   4.2388550e-02
  -4.9400000e+02   5.8264121e-03   3.1947844e-02
  -4.9300000e+02   6.2399450e-03   2.9525423e-02
  -4.9200000e+02  -1.0876319e-03   2.7953102e-02
  -4.9100000e+02   1.0506465e-02   1.8471797e-02
  -4.9000000e+02   5.3264252e-03   4.2339798e-02
  -4.8900000e+02   1.9784581e-02   3.0352870e-02
  -4.8800000e+02   1.2558281e-02   3.9160593e-02
  -4.8700000e+02   1.3252298e-02   3.4334502e-02
  -4.8600000e+02   2.3943706e-02   3.4348306e-02
  -4.8500000e+02   1.5091262e-02   6.1041491e-02
  -4.8400000e+02   2.7273005e-02   4.1901156e-02
  -4.8300000e+02   2.0899468e-02   5.4069850e-02
  -4.8200000e+02   2.2152485e-02   5.1761942e-02
  -4.8100000e+02   2.7666007e-02   4.2988730e-02
  -4.8000000e+02   1.4278932e-02   3.3062653e-02
  -4.7900000e+02   2.0365081e-02   3.3238958e-02
  -4.7800000e+02   2.0598307e-02   3.8039726e-02
  -4.7700000e+02   4.8882262e-03   3.8994298e-02
  -4.7600000e+02  -1.5867209e-02   5.1104167e-02
  -4.7500000e+02  -2.4456962e-02   5.6451196e-02
  -4.7400000e+02  -1.6809210e-02   6.5677589e-02
  -4.7300000e+02  -1.3969797e-02   7.2418122e-02
  -4.7200000e+02  -3.5495528e-03   6.0156624e-02
  -4.7100000e+02   3.1675841e-03   4.9852877e-02
  -4.7000000e+02   2.3990319e-03   4.3468962e-02
  -4.6900000e+02   3.5199463e-03   5.4063655e-02
  -4.6800000e+02   8.1793707e-05   4.8751096e-02
  -4.6700000e+02  -5.8727713e-03   4.2454126e-02
  -4.6600000e+02  -7.4342327e-04   5.0083330e-02
  -4.6500000e+02   1.4337297e-02   3.8281534e-02
  -4.6400000e+02   1.0103545e-02   4.0484303e-02
  -4.6300000e+02  -6.3320402e-03   4.2184134e-02
  -4.6200000e+02   9.7651629e-03   3.7762521e-02
  -4.6100000e+02   9.7134877e-03   4.5820608e-02
  -4.6000000e+02  -3.3875891e-03   5.1106308e-02
  -4.5900000e+02  -1.2302677e-02   4.5400232e-02
  -4.5800000e+02   7.5271994e-04   4.4326756e-02
  -4.5700000e+02   7.7283923e-03   3.0908648e-02
  -4.5600000e+02   7.9041843e-03   3.5353749e-02
  -4.5500000e+02   1.8826402e-02   4.3062914e-02
  -4.5400000e+02   2.6150229e-02   2.9489102e-02
  -4.5300000e+02   1.4838409e-02   4.9931961e-02
  -4.5200000e+02   1.6927542e-02   3.9312903e-02
  -4.5100000e+02   1.6873671e-02   4.5732216e-02
  -4.5000000e+02   2.9943931e-03   5.2054966e-02
  -4.4900000e+02   2.3633218e-02   4.5444459e-02
  -4.4800000e+02   2.8172848e-02   3.4108057e-02
  -4.4700000e+02   3.5204613e-02   3.4330525e-02
  -4.4600000e+02   3.1418163e-02   4.1807507e-02
  -4.4500000e+02   3.6266678e-02   3.0014645e-02
  -4.4400000e+02   3.4821567e-02   2.8803367e-02
  -4.4300000e+02   9.7073344e-03   7.1647421e-02
  -4.4200000e+02   1.9412915e-02   2.6670719e-02
  -4.4100000e+02   1.6414283e-02   5.1976967e-02
  -4.4000000e+02   1.0308482e-02   5.0610363e-02
  -4.3900000e+02   1.7590250e-02   2.7534292e-02
  -4.3800000e+02   8.1521246e-03   4.4870384e-02
  -4.3700000e+02   1.2355644e-02   5.2651795e-02
  -4.3600000e+02   1.4055838e-02   5.0159473e-02
  -4.3500000e+02   2.7990206e-02   4.6874706e-02
  -4.3400000e+02   1.4646754e-02   5.2519756e-02
  -4.3300000e+02   2.2134151e-02   3.3453450e-02
  -4.3200000e+02   1.9664106e-02   3.4474336e-02
  -4.3100000e+02   1.3815760e-02   3.2989691e-02
  -4.3000000e+02   1.2491108e-02   3.3949198e-02
  -4.2900000e+02   4.3408526e-03   3.4596987e-02
  -4.2800000e+02   1.2160636e-02   3.4477873e-02
  -4.2700000e+02   5.3883438e-03   3.8726569e-02
  -4.2600000e+02   6.5157896e-03   2.0780562e-02
  -4.2500000e+02   5.8847254e-03   2.5271114e-02
  -4.2400000e+02   1.5685960e-02   2.3357494e-02
  -4.2300000e+02   1.7417156e-02   3.3830222e-02
  -4.2200000e+02   1.8343930e-02   3.6865789e-02
  -4.2100000e+02   2.0283719e-02   3.1934573e-02
  -4.2000000e+02   1.9718204e-02   2.9993455e-02
  -4.1900000e+02   1.8092350e-02   4.3409014e-02
  -4.1800000e+02   1.4555861e-02   6.0554206e-02
  -4.1700000e+02   1.0941417e-02   6.1538526e-02
  -4.1600000e+02   1.4535926e-02   4.9713096e-02
  -4.1500000e+02   8.8219693e-03   4.8919443e-02
  -4.1400000e+02   1.5318622e-02   3.9614614e-02
  -4.1300000e+02   1.9823909e-02   4.4466113e-02
  -4.1200000e+02   1.6087704e-02   4.3314769e-02
  -4.1100000e+02   1.6667715e-02   4.0990568e-02
  -4.1000000e+02   1.0482904e-02   3.7060004e-02
  -4.0900000e+02   9.1920726e-03   4.3377762e-02
  -4.0800000e+02   5.3166922e-03   3.9202787e-02
  -4.0700000e+02   1.0259761e-02   3.8756427e-02
  -4.0600000e+02   7.9876494e-03   3.9258653e-02
  -4.0500000e+02   6.2901824e-03   3.4134959e-02
  -4.0400000e+02  -3.2158107e-03   3.7944547e-02
  -4.0300000e+02  -1.0627052e-02   3.9830232e-02
  -4.0200000e+02  -5.5950423e-03   3.5944719e-02
  -4.0100000e+02  -1.6159718e-03   2.9267317e-02
  -4.0000000e+02  -4.4758193e-03   3.5973694e-02
  -3.9900000e+02   9.3061618e-03   2.5703651e-02
  -3.9800000e+02   1.4813430e-02   2.8924188e-02
  -3.9700000e+02   2.8021540e-03   2.5343082e-02
  -3.9600000e+02   1.6042731e-02   2.6676766e-02
  -3.9500000e+02   2.1461144e-02   2.2985318e-02
  -3.9400000e+02   2.0970031e-02   2.6349277e-02
  -3.9300000e+02   2.6356428e-02   2.8848409e-02
  -3.9200000e+02   1.9422033e-02   2.7509777e-02
  -3.9100000e+02   6.4980270e-03   4.2377681e-02
  -3.9000000e+02   3.5616885e-03   5.2083414e-02
  -3.8900000e+02   3.2886916e-03   6.1842554e-02
  -3.8800000e+02   8.4131776e-03   5.6224968e-02
  -3.8700000e+02   1.7020166e-02   5.5274945e-02
  -3.8600000e+02   1.2408469e-02   4.1117644e-02
  -3.8500000e+02   9.9415804e-03   2.2899168e-02
  -3.8400000e+02   5.0672573e-03   3.1356461e-02
  -3.8300000e+02   3.1534589e-03   2.1440488e-02
  -3.8200000e+02   2.3939976e-03   1.4638038e-02
  -3.8100000e+02   1.5654235e-03   2.0965403e-02
  -3.8000000e+02   1.6447052e-03   1.8461318e-02
  -3.7900000e+02   6.1356821e-04   2.6937741e-02
  -3.7800000e+02   8.1219545e-03   2.8147952e-02
  -3.7700000e+02   1.2840941e-02   2.4111865e-02
  -3.7600000e+02   1.7987730e-02   2.4694719e-02
  -3.7500000e+02   2.3428836e-02   3.5599294e-02
  -3.7400000e+02   3.2720744e-02   3.6885141e-02
  -3.7300000e+02   2.3864130e-02   2.0629041e-02
  -3.7200000e+02   1.5770552e-02   3.3945763e-02
  -3.7100000e+02   1.9110678e-02   3.0531754e-02
  -3.7000000e+02   1.3104450e-02   5.7945345e-02
  -3.6900000e+02   2.7659111e-02   3.8062403e-02
  -3.6800000e+02   2.1118264e-02   3.4202645e-02
  -3.6700000e+02   7.0545920e-03   3.1046709e-02
  -3.6600000e+02   1.4723898e-02   3.0568404e-02
  -3.6500000e+02   7.2485196e-03   5.2403941e-02
  -3.6400000e+02   2.0664359e-02   3.5438890e-02
  -3.6300000e+02   1.8487040e-02   3.4874301e-02
  -3.6200000e+02   2.3329063e-02   3.3736383e-02
  -3.6100000e+02   7.2006508e-03   2.8825313e-02
  -3.6000000e+02   6.2369726e-03   3.6978853e-02
  -3.5900000e+02   1.9271580e-02   2.1226884e-02
  -3.5800000e+02   2.6593533e-02   4.0218044e-02
  -3.5700000e+02   2.4862472e-02   5.1044702e-02
  -3.5600000e+02   2.9005449e-02   4.2798505e-02
  -3.5500000e+02   2.5551718e-02   3.2786559e-02
  -3.5400000e+02   1.3792625e-02   4.9893911e-02
  -3.5300000e+02   1.6635866e-02   4.9351374e-02
  -3.5200000e+02   1.8924913e-02   3.8602784e-02
  -3.5100000e+02   2.6899594e-02   3.3635047e-02
  -3.5000000e+02   2.7862754e-02   3.1014493e-02
  -3.4900000e+02   1.5737692e-02   5.1223380e-02
  -3.4800000e+02   1.1030281e-02   4.6959780e-02
  -3.4700000e+02   2.9551157e-02   3.9400876e-02
  -3.4600000e+02   1.6965947e-02   7.2847055e-02
  -3.4500000e+02   1.7433135e-02   5.0586566e-02
  -3.4400000e+02   1.1656876e-02   3.9772892e-02
  -3.4300000e+02   1.9697141e-02   2.4825172e-02
  -3.4200000e+02  -2.5797268e-03   4.5872694e-02
  -3.4100000e+02   6.0368442e-04   5.5556284e-02
  -3.4000000e+02  -8.0375806e-03   5.3261234e-02
  -3.3900000e+02   6.5760643e-03   5.2588056e-02
  -3.3800000e+02   1.9351667e-03   5.1138807e-02
  -3.3700000e+02  -2.0518198e-03   5.1232192e-02
  -3.3600000e+02   6.6066065e-03   4.4110029e-02
  -3.3500000e+02   1.2078535e-02   2.8011917e-02
  -3.3400000e+02   6.2038269e-04   4.1697732e-02
  -3.3300000e+02  -9.4441695e-03   5.2728683e-02
  -3.3200000e+02  -4.9567748e-03   4.1225665e-02
  -3.3100000e+02  -6.3742466e-04   3.8500156e-02
  -3.3000000e+02   6.9150843e-03   4.3361204e-02
  -3.2900000e+02   2.0383976e-02   5.6866072e-02
  -3.2800000e+02   2.4114923e-02   2.6099124e-02
  -3.2700000e+02   7.0898525e-03   4.4984338e-02
  -3.2600000e+02   1.5858133e-02   3.7293493e-02
  -3.2500000e+02   4.8557837e-03   4.7956328e-02
  -3.2400000e+02   5.3500146e-03   3.9315626e-02
  -3.2300000e+02   7.0374853e-03   4.3424958e-02
  -3.2200000e+02  -3.1741323e-03   3.9234961e-02
  -3.2100000e+02  -4.8021371e-03   3.1568774e-02
  -3.2000000e+02  -4.9827319e-03   3.5566305e-02
  -3.1900000e+02  -4.2538086e-03   4.0470780e-02
  -3.1800000e+02  -2.0750737e-03   5.1019975e-02
  -3.1700000e+02   1.0363569e-02   3.1254184e-02
  -3.1600000e+02   1.7375424e-02   3.4588287e-02
  -3.1500000e+02   1.1347342e-02   3.1443194e-02
  -3.1400000e+02  -1.1963848e-02   5.0913642e-02
  -3.1300000e+02   7.0674581e-03   2.0270291e-02
  -3.1200000e+02   7.6673905e-03   2.8184911e-02
  -3.1100000e+02  -2.7493543e-03   3.8311000e-02
  -3.1000000e+02   1.1216092e-03   3.7175550e-02
  -3.0900000e+02   4.5534169e-03   4.6860315e-02
  -3.0800000e+02   2.3150083e-03   5.3120444e-02
  -3.0700000e+02   1.1388204e-02   4.8018457e-02
  -3.0600000e+02   5.2484467e-03   5.5802110e-02
  -3.0500000e+02   8.0754633e-03   4.1188772e-02
  -3.0400000e+02   1.3555095e-02   4.9552986e-02
  -3.0300000e+02   1.3563338e-02   5.7391560e-02
  -3.0200000e+02   3.5764690e-03   6.7906922e-02
  -3.0100000e+02   1.4579595e-02   6.5668509e-02
  -3.0000000e+02   1.6254830e-02   5.8278356e-02
  -2.9900000e+02   2.8628136e-02   4.2406158e-02
  -2.9800000e+02   2.7851105e-02   2.9370546e-02
  -2.9700000e+02   1.9107485e-02   2.6803773e-02
  -2.9600000e+02   6.9050504e-03   3.2672639e-02
  -2.9500000e+02   1.1219749e-02   1.8712658e-02
  -2.9400000e+02   8.4250990e-03   3.1160098e-02
  -2.9300000e+02   1.2450932e-02   2.5489088e-02
  -2.9200000e+02  -1.1616425e-03   2.8242728e-02
  -2.9100000e+02   1.0380633e-02   1.4946088e-02
  -2.9000000e+02   2.0433681e-02   2.3494174e-02
  -2.8900000e+02   2.1507588e-02   2.1087936e-02
  -2.8800000e+02   1.4204317e-02   3.9584350e-02
  -2.8700000e+02   8.0679883e-03   3.0282265e-02
  -2.8600000e+02   7.8665230e-04   2.9208363e-02
  -2.8500000e+02  -6.8785939e-03   5.2638204e-02
  -2.8400000e+02   1.8407372e-02   6.1590332e-02
  -2.8300000e+02   2.0099330e-02   7.7593036e-02
  -2.8200000e+02   2.9949876e-02   6.3822642e-02
  -2.8100000e+02   2.5859058e-02   5.0592472e-02
  -2.8000000e+02   2.0049586e-02   4.6878949e-02
  -2.7900000e+02   1.2815246e-02   3.7455970e-02
  -2.7800000e+02   1.5342905e-02   3.4010259e-02
  -2.7700000e+02   1.4988097e-02   3.0788605e-02
  -2.7600000e+02   1.6305012e-02   5.8284169e-02
  -2.7500000e+02   1.7904246e-02   2.6729592e-02
  -2.7400000e+02   1.6819510e-02   3.1230793e-02
  -2.7300000e+02   1.6673458e-02   3.4758326e-02
  -2.7200000e+02   1.2047156e-02   3.8585407e-02
  -2.7100000e+02   4.9663033e-03   2.8189989e-02
  -2.7000000e+02   7.1759390e-03   3.7048638e-02
  -2.6900000e+02   4.5143606e-03   2.1949858e-02
  -2.6800000e+02   3.9387729e-03   1.5994855e-02
  -2.6700000e+02   1.2799464e-02   1.9155518e-02
  -2.6600000e+02   1.4781317e-02   3.2192341e-02
  -2.6500000e+02   1.0894267e-02   3.8236757e-02
  -2.6400000e+02   9.2287385e-03   2.2004025e-02
  -2.6300000e+02   7.0168355e-04   2.9721444e-02
  -2.6200000e+02   1.5512585e-03   2.8865166e-02
  -2.6100000e+02   5.2785011e-03   3.3517859e-02
  -2.6000000e+02   3.5299471e-03   3.4831595e-02
  -2.5900000e+02  -9.8729873e-03   3.8602899e-02
  -2.5800000e+02  -9.8123129e-03   3.7869253e-02
  -2.5700000e+02  -1.6023889e-03   3.4436705e-02
  -2.5600000e+02   5.6883122e-03   2.3806269e-02
  -2.5500000e+02   6.5642204e-03   3.2776184e-02
  -2.5400000e+02   7.5377408e-03   4.9215413e-02
  -2.5300000e+02   8.5511463e-03   3.4614087e-02
  -2.5200000e+02   7.3732162e-03   4.2022152e-02
  -2.5100000e+02   1.4003695e-02   2.2762680e-02
  -2.5000000e+02   1.1753147e-02   2.4835039e-02
  -2.4900000e+02   5.1968226e-03   2.8303779e-02
  -2.4800000e+02   1.4236132e-02   2.6835958e-02
  -2.4700000e+02   7.9565985e-03   3.5574503e-02
  -2.4600000e+02  -1.4251164e-03   5.6145510e-02
  -2.4500000e+02   1.7073515e-02   4.2707653e-02
  -2.4400000e+02   9.2059244e-04   4.5975662e-02
  -2.4300000e+02   1.8429836e-02   4.2961672e-02
  -2.4200000e+02   9.9571927e-03   4.5445172e-02
  -2.4100000e+02   1.5983428e-02   4.5609950e-02
  -2.4000000e+02   1.5879687e-02   4.7306135e-02
  -2.3900000e+02   5.6845691e-03   4.0496346e-02
  -2.3800000e+02  -6.6777993e-03   3.3720423e-02
  -2.3700000e+02   1.8171045e-03   5.6386461e-02
  -2.3600000e+02   4.2570646e-03   4.9380691e-02
  -2.3500000e+02   6.3883826e-04   6.0964996e-02
  -2.3400000e+02   1.1135487e-02   3.5244290e-02
  -2.3300000e+02   5.8737752e-03   4.2557959e-02
  -2.3200000e+02   5.4231823e-03   4.9854897e-02
  -2.3100000e+02   1.8745268e-02   2.6553486e-02
  -2.3000000e+02   2.0092063e-02   3.4381460e-02
  -2.2900000e+02   2.4606816e-02   3.1040653e-02
  -2.2800000e+02   1.7979019e-02   2.9281941e-02
  -2.2700000e+02   1.3686451e-02   3.3355024e-02
  -2.2600000e+02   1.4116726e-02   1.4428304e-02
  -2.2500000e+02   1.0600180e-02   3.8036715e-02
  -2.2400000e+02   1.5370457e-02   3.0433981e-02
  -2.2300000e+02   1.8339730e-02   2.5424459e-02
  -2.2200000e+02   1.2719183e-02   4.0904854e-02
  -2.2100000e+02   3.0104617e-02   4.5434843e-02
  -2.2000000e+02   1.3153497e-02   6.1677486e-02
  -2.1900000e+02   1.2493895e-02   7.3216154e-02
  -2.1800000e+02   1.7643351e-02   5.7000219e-02
  -2.1700000e+02   1.8270549e-02   4.3339928e-02
  -2.1600000e+02   8.4861568e-03   5.0299371e-02
  -2.1500000e+02   1.6194592e-02   2.7068157e-02
  -2.1400000e+02   4.1336331e-03   3.7822061e-02
  -2.1300000e+02   8.5335959e-03   3.0741645e-02
  -2.1200000e+02   1.5260090e-03   5.6422638e-02
  -2.1100000e+02   7.7336133e-04   3.5961968e-02
  -2.1000000e+02  -1.7449832e-02   6.2345502e-02
  -2.0900000e+02  -1.9001904e-03   5.6535958e-02
  -2.0800000e+02   4.4145040e-03   3.5451351e-02
  -2.0700000e+02   7.1302830e-03   4.1922895e-02
  -2.0600000e+02   1.7922697e-02   4.5009171e-02
  -2.0500000e+02   2.7749426e-02   2.6173505e-02
  -2.0400000e+02   1.2330112e-02   4.5587283e-02
  -2.0300000e+02   1.1444899e-02   3.5872098e-02
  -2.0200000e+02   1.6196796e-02   4.7076404e-02
  -2.0100000e+02   7.4277231e-03   4.6042106e-02
  -2.0000000e+02  -5.0356924e-03   5.2240200e-02
  -1.9900000e+02   8.4617993e-03   4.5988033e-02
  -1.9800000e+02   8.0112757e-03   4.5156029e-02
  -1.9700000e+02   4.2756965e-03   4.1077167e-02
  -1.9600000e+02   9.1854054e-03   3.4738251e-02
  -1.9500000e+02   9.5068379e-03   2.8817715e-02
  -1.9400000e+02   2.1272095e-04   4.0614257e-02
  -1.9300000e+02  -1.0129489e-02   6.6184344e-02
  -1.9200000e+02   1.5036841e-02   4.5022966e-02
  -1.9100000e+02   1.4469937e-02   4.1065526e-02
  -1.9000000e+02   2.5112699e-02   4.7158399e-02
  -1.8900000e+02   2.6984936e-02   4.7682983e-02
  -1.8800000e+02   2.3492919e-02   4.9730241e-02
  -1.8700000e+02   1.3976679e-02   4.0354278e-02
  -1.8600000e+02   5.5364249e-03   3.4993259e-02
  -1.8500000e+02   3.4143805e-03   7.6703791e-02
  -1.8400000e+02   5.9061347e-03   4.3650923e-02
  -1.8300000e+02   1.0906462e-02   4.4751459e-02
  -1.8200000e+02   1.0070836e-02   4.5761599e-02
  -1.8100000e+02   6.3596026e-03   4.1727361e-02
  -1.8000000e+02   1.1101762e-02   3.5198078e-02
  -1.7900000e+02   2.8440705e-03   3.3857876e-02
  -1.7800000e+02  -8.2849588e-03   4.2608183e-02
  -1.7700000e+02  -4.1173090e-03   3.8596397e-02
  -1.7600000e+02  -1.2627531e-02   3.9885539e-02
  -1.7500000e+02   6.9248671e-03   1.9620845e-02
  -1.7400000e+02   1.0482898e-02   2.1888003e-02
  -1.7300000e+02   1.0640721e-02   2.1695419e-02
  -1.7200000e+02   1.0371114e-02   3.7074178e-02
  -1.7100000e+02   1.6516263e-02   3.2456418e-02
  -1.7000000e+02   1.4001154e-02   3.1709779e-02
  -1.6900000e+02   9.2938776e-03   2.6817873e-02
  -1.6800000e+02   1.9421035e-02   3.1420291e-02
  -1.6700000e+02   1.9843082e-02   3.1810567e-02
  -1.6600000e+02   7.0827039e-03   4.3824087e-02
  -1.6500000e+02  -2.5723501e-03   5.3801715e-02
  -1.6400000e+02   6.2177817e-03   3.0307070e-02
  -1.6300000e+02  -3.4551663e-03   2.4246153e-02
  -1.6200000e+02  -9.1843753e-04   2.8710451e-02
  -1.6100000e+02   3.3926923e-03   2.9482034e-02
  -1.6000000e+02   1.4561151e-03   3.3390028e-02
  -1.5900000e+02   5.3891706e-03   3.1637125e-02
  -1.5800000e+02   1.0111105e-02   3.2902515e-02
  -1.5700000e+02   1.4508120e-02   2.4394033e-02
  -1.5600000e+02   1.1904143e-02   3.1477380e-02
  -1.5500000e+02   1.0768020e-02   3.3250998e-02
  -1.5400000e+02   1.5162618e-02   2.2163611e-02
  -1.5300000e+02   8.6393497e-03   3.6617684e-02
  -1.5200000e+02   7.6060999e-03   3.6381022e-02
  -1.5100000e+02   1.2976151e-02   2.1995485e-02
  -1.5000000e+02   7.2554865e-03   3.6699863e-02
  -1.4900000e+02   1.7315560e-02   4.0031568e-02
  -1.4800000e+02   2.2211090e-02   3.2319829e-02
  -1.4700000e+02   1.6523337e-02   2.9308596e-02
  -1.4600000e+02   2.4936169e-03   4.2076471e-02
  -1.4500000e+02   1.2199150e-02   3.6394184e-02
  -1.4400000e+02   4.8355853e-03   4.4439555e-02
  -1.4300000e+02   3.9476024e-03   2.4706264e-02
  -1.4200000e+02   1.0537324e-03   2.9946470e-02
  -1.4100000e+02   1.0352595e-02   3.4652891e-02
  -1.4000000e+02   6.9303395e-03   3.8099332e-02
  -1.3900000e+02   1.8125330e-02   3.0828361e-02
  -1.3800000e+02   2.6897936e-02   3.8109898e-02
  -1.3700000e+02   2.3729920e-02   2.8378356e-02
  -1.3600000e+02   2.4484422e-02   2.9036402e-02
  -1.3500000e+02   2.5928820e-02   3.8494391e-02
  -1.3400000e+02   8.6361729e-03   6.0231717e-02
  -1.3300000e+02  -5.5283502e-03   6.0889901e-02
  -1.3200000e+02  -1.8162973e-03   6.8096197e-02
  -1.3100000e+02   2.3369915e-02   4.5825967e-02
  -1.3000000e+02   2.3363428e-02   4.8497562e-02
  -1.2900000e+02   1.8821982e-02   3.9634145e-02
  -1.2800000e+02   1.7399309e-02   3.9417132e-02
  -1.2700000e+02   1.3788116e-02   3.9387405e-02
  -1.2600000e+02   1.3768430e-02   3.5252930e-02
  -1.2500000e+02   1.1869012e-02   4.3808822e-02
  -1.2400000e+02   1.1321374e-02   3.2230830e-02
  -1.2300000e+02  -3.6007717e-04   4.6154949e-02
  -1.2200000e+02   2.2190297e-03   2.7459644e-02
  -1.2100000e+02  -3.8020232e-03   4.4801931e-02
  -1.2000000e+02   1.5322670e-02   4.1972641e-02
  -1.1900000e+02   8.2711538e-03   4.0291840e-02
  -1.1800000e+02   1.4734176e-03   3.5284564e-02
  -1.1700000e+02   2.6091110e-03   2.0015536e-02
  -1.1600000e+02   8.2911864e-03   1.8739493e-02
  -1.1500000e+02   5.9446423e-03   1.8151636e-02
  -1.1400000e+02   7.2518262e-03   2.3533952e-02
  -1.1300000e+02   2.0317791e-02   3.5569047e-02
  -1.1200000e+02   6.7820034e-03   4.8427509e-02
  -1.1100000e+02  -9.8277353e-04   5.9315925e-02
  -1.1000000e+02  -4.1387020e-03   6.3526722e-02
  -1.0900000e+02   8.6157766e-03   5.3685462e-02
  -1.0800000e+02   3.7606166e-03   5.5666066e-02
  -1.0700000e+02   1.6342137e-02   3.5646288e-02
  -1.0600000e+02   2.6026027e-02   3.4855266e-02
  -1.0500000e+02   4.5243468e-03   2.9905167e-02
  -1.0400000e+02   7.9923277e-03   3.6758770e-02
  -1.0300000e+02   3.2558527e-03   3.6812773e-02
  -1.0200000e+02  -1.8538927e-02   5.7409568e-02
  -1.0100000e+02  -6.4826342e-03   3.3091857e-02
  -1.0000000e+02   2.7979383e-03   2.6976969e-02
  -9.9000000e+01   9.8084680e-03   3.5474328e-02
  -9.8000000e+01  -8.1817275e-04   4.5017796e-02
  -9.7000000e+01   1.3384215e-02   1.7458490e-02
  -9.6000000e+01  -3.0138411e-03   4.4215750e-02
  -9.5000000e+01   6.4073843e-03   1.9073443e-02
  -9.4000000e+01   1.4444881e-03   3.2430761e-02
  -9.3000000e+01   1.9355055e-04   3.7487357e-02
  -9.2000000e+01  -6.3915580e-03   3.4998339e-02
  -9.1000000e+01   2.0672863e-03   2.9432396e-02
  -9.0000000e+01   1.1435455e-03   4.8966225e-02
  -8.9000000e+01   9.4394661e-03   4.0813255e-02
  -8.8000000e+01   9.1779568e-03   3.9146647e-02
  -8.7000000e+01   1.4495254e-02   3.0107799e-02
  -8.6000000e+01   8.3154138e-03   4.9140351e-02
  -8.5000000e+01   8.0576345e-03   5.1458544e-02
  -8.4000000e+01   1.2257472e-02   4.4546969e-02
  -8.3000000e+01   1.7199286e-02   4.6544833e-02
  -8.2000000e+01   3.6400443e-03   4.3209960e-02
  -8.1000000e+01   6.1985223e-03   3.8663129e-02
  -8.0000000e+01   1.0632684e-02   3.5515107e-02
  -7.9000000e+01   1.5146558e-02   2.0988436e-02
  -7.8000000e+01   1.1623200e-02   2.6176601e-02
  -7.7000000e+01   1.4716932e-02   2.5828552e-02
  -7.6000000e+01   1.2842733e-02   3.0333399e-02
  -7.5000000e+01   1.2479748e-02   3.0587510e-02
  -7.4000000e+01   7.1121653e-03   3.3011375e-02
  -7.3000000e+01   1.3037638e-02   2.6922687e-02
  -7.2000000e+01   4.7475636e-03   3.2151304e-02
  -7.1000000e+01   1.2235039e-02   2.3480979e-02
  -7.0000000e+01   1.0463975e-02   3.8676987e-02
  -6.9000000e+01   2.5050075e-02   4.1193699e-02
  -6.8000000e+01   1.5046389e-02   3.9179511e-02
  -6.7000000e+01  -3.1518936e-03   3.8913499e-02
  -6.6000000e+01   6.3601926e-04   3.5373964e-02
  -6.5000000e+01   4.1828751e-03   4.9131369e-02
  -6.4000000e+01   1.6072335e-02   6.0712806e-02
  -6.3000000e+01   1.9080025e-02   3.6948715e-02
  -6.2000000e+01   6.2964623e-04   6.5320229e-02
  -6.1000000e+01  -3.1183788e-03   6.7690816e-02
  -6.0000000e+01   2.2095681e-03   5.7048039e-02
  -5.9000000e+01   7.6216786e-03   4.5791167e-02
  -5.8000000e+01   1.1250780e-02   5.6960601e-02
  -5.7000000e+01   1.8514761e-02   5.2735541e-02
  -5.6000000e+01   2.2413507e-02   3.0489261e-02
  -5.5000000e+01   9.5550339e-03   3.5183260e-02
  -5.4000000e+01   7.5780408e-04   3.7618980e-02
  -5.3000000e+01   4.9199193e-03   2.8416165e-02
  -5.2000000e+01   1.6831610e-03   2.6206007e-02
  -5.1000000e+01   2.1686676e-03   2.9231121e-02
  -5.0000000e+01  -1.0857805e-02   4.1767429e-02
  -4.9000000e+01   5.2152004e-03   2.8488974e-02
  -4.8000000e+01   4.1448220e-03   3.3435133e-02
  -4.7000000e+01   8.6818643e-03   3.1136634e-02
  -4.6000000e+01   6.3170516e-03   2.7326373e-02
  -4.5000000e+01   1.1656776e-02   2.7272537e-02
  -4.4000000e+01   7.9118345e-03   2.3995614e-02
  -4.3000000e+01  -8.5686393e-03   4.9364648e-02
  -4.2000000e+01  -6.1571462e-05   4.3218384e-02
  -4.1000000e+01   8.1227235e-03   4.1572937e-02
  -4.0000000e+01   5.6599244e-03   4.2739250e-02
  -3.9000000e+01  -9.5686085e-03   4.8511941e-02
  -3.8000000e+01  -6.3180417e-03   6.4630764e-02
  -3.7000000e+01   1.3482961e-03   3.3649724e-02
  -3.6000000e+01  -4.6434155e-03   4.5385271e-02
  -3.5000000e+01   4.2438488e-03   4.8917141e-02
  -3.4000000e+01  -3.0184749e-03   5.9068310e-02
  -3.3000000e+01  -1.3631255e-02   5.4649340e-02
  -3.2000000e+01  -1.0412712e-02   3.8033016e-02
  -3.1000000e+01  -2.4589895e-03   3.7847388e-02
  -3.0000000e+01  -1.9297042e-02   5.9955287e-02
  -2.9000000e+01  -1.3505844e-03   3.8573922e-02
  -2.8000000e+01  -4.2240214e-03   5.0791097e-02
  -2.7000000e+01   1.3011258e-02   5.4429417e-02
  -2.6000000e+01   1.7577612e-02   3.0587130e-02
  -2.5000000e+01   1.5913967e-02   4.1437734e-02
  -2.4000000e+01  -1.6859486e-02   6.4234091e-02
  -2.3000000e+01  -1.0263103e-02   5.9619312e-02
  -2.2000000e+01   3.4979926e-03   4.1671640e-02
  -2.1000000e+01   6.7060326e-03   5.8629895e-02
  -2.0000000e+01  -4.8270028e-04   7.2093226e-02
  -1.9000000e+01  -3.7316295e-03   5.5636348e-02
  -1.8000000e+01  -2.1617916e-02   6.3393900e-02
  -1.7000000e+01  -2.7063476e-02   4.9536223e-02
  -1.6000000e+01  -2.6888551e-02   5.1523839e-02
  -1.5000000e+01  -1.9876163e-02   5.3541264e-02
  -1.4000000e+01  -2.4974889e-02   6.6030394e-02
  -1.3000000e+01  -2.5502807e-02   7.6660688e-02
  -1.2000000e+01  -1.9039984e-02   5.9195832e-02
  -1.1000000e+01  -2.6444416e-02   5.5554472e-02
  -1.0000000e+01  -2.5101740e-02   5.9259142e-02
  -9.0000000e+00  -2.1185149e-02   5.7267814e-02
  -8.0000000e+00  -1.3060212e-02   4.2941988e-02
  -7.0000000e+00  -6.2567807e-03   4.7376272e-02
  -6.0000000e+00  -1.1542822e-02   5.3440735e-02
  -5.0000000e+00  -9.5747275e-03   4.7707922e-02
  -4.0000000e+00   1.6976198e-03   5.6003192e-02
  -3.0000000e+00  -1.9124760e-02   6.9064161e-02
  -2.0000000e+00  -1.0309209e-02   7.8181904e-02
  -1.0000000e+00  -4.0546170e-02   9.3450728e-02
   0.0000000e+00  -1.3218299e-02   7.2125088e-02
   1.0000000e+00  -2.6672436e-02   6.0345896e-02
   2.0000000e+00  -3.0515854e-02   5.5537170e-02
   3.0000000e+00  -2.1954283e-02   3.8998361e-02
   4.0000000e+00  -1.4810219e-02   3.9565702e-02
   5.0000000e+00  -2.1647441e-02   4.0286419e-02
   6.0000000e+00  -2.6796880e-02   3.2349706e-02
   7.0000000e+00  -1.5925845e-02   2.6827160e-02
   8.0000000e+00  -1.9959879e-02   2.7920433e-02
   9.0000000e+00  -2.2476170e-02   2.8445946e-02
   1.0000000e+01  -1.2705109e-02   2.8593753e-02
   1.1000000e+01  -1.0136116e-02   2.8825063e-02
   1.2000000e+01  -1.1955365e-02   2.9239478e-02
   1.3000000e+01  -4.1068692e-03   2.7060259e-02
   1.4000000e+01   4.7320563e-03   2.7119754e-02
   1.5000000e+01  -1.4723864e-03   2.7471961e-02
   1.6000000e+01  -2.0151853e-03   3.2249273e-02
   1.7000000e+01  -1.2534987e-03   3.2317132e-02
   1.8000000e+01   2.2709255e-03   2.8672126e-02
   1.9000000e+01   1.9530776e-03   2.8124465e-02
   2.0000000e+01   4.6905343e-03   3.1845735e-02
   2.1000000e+01   1.5684859e-02   4.0346477e-02
   2.2000000e+01   9.2297616e-03   4.1769395e-02
   2.3000000e+01   1.1457756e-02   3.6939703e-02
   2.4000000e+01   1.7873869e-02   3.1108046e-02
   2.5000000e+01   2.0410127e-02   2.8108751e-02
   2.6000000e+01   1.6984025e-02   1.9445399e-02
   2.7000000e+01   2.2299335e-02   2.8780373e-02
   2.8000000e+01   2.5898180e-02   3.2058966e-02
   2.9000000e+01   2.5754312e-02   4.0723110e-02
   3.0000000e+01   2.2620749e-02   4.6384749e-02
   3.1000000e+01   2.4787773e-02   4.0747505e-02
   3.2000000e+01   2.3545468e-02   4.0078814e-02
   3.3000000e+01   2.3045979e-02   4.9402074e-02
   3.4000000e+01   2.3136107e-02   4.8706347e-02
   3.5000000e+01   2.6525656e-02   4.7707356e-02
   3.6000000e+01   2.2557472e-02   5.7836750e-02
   3.7000000e+01   2.6045543e-02   5.1387244e-02
   3.8000000e+01   2.7449757e-02   4.5747430e-02
   3.9000000e+01   2.7649036e-02   4.6605414e-02
   4.0000000e+01   3.0160715e-02   4.9458177e-02
   4.1000000e+01   2.9486501e-02   4.9294395e-02
   4.2000000e+01   2.9736662e-02   5.0984109e-02
   4.3000000e+01   1.4728300e-03   6.6309246e-02
   4.4000000e+01   2.0396827e-03   7.2424101e-02
   4.5000000e+01  -5.8839890e-03   7.5616944e-02
   4.6000000e+01  -9.4869440e-04   7.3864234e-02
   4.7000000e+01  -7.3926625e-03   8.2665242e-02
   4.8000000e+01  -3.9523807e-03   7.5758619e-02
   4.9000000e+01  -1.7708392e-04   7.7711218e-02
   5.0000000e+01  -1.6929305e-03   7.8116223e-02
   5.1000000e+01  -2.0918401e-03   7.6685109e-02
   5.2000000e+01   5.2820175e-03   8.1354550e-02
   5.3000000e+01   3.0337941e-03   7.5759650e-02
   5.4000000e+01   4.8274917e-03   6.9295050e-02
   5.5000000e+01   4.6124190e-03   7.1638102e-02
   5.6000000e+01   2.8138193e-03   7.1605473e-02
   5.7000000e+01  -9.3178858e-04   6.8916668e-02
   5.8000000e+01  -2.2429467e-03   7.2886146e-02
   5.9000000e+01  -4.1614505e-03   7.3493768e-02
   6.0000000e+01  -7.7501402e-03   7.6029420e-02
   6.1000000e+01  -2.0840497e-02   7.3681889e-02
   6.2000000e+01  -1.6205148e-02   7.9908400e-02
   6.3000000e+01  -1.1326506e-02   7.2557793e-02
   6.4000000e+01  -6.1751994e-03   6.7520778e-02
   6.5000000e+01  -3.5144317e-02   7.1158008e-02
   6.6000000e+01  -2.8442662e-02   6.4481899e-02
   6.7000000e+01  -1.7952181e-02   6.6327503e-02
   6.8000000e+01  -1.1223425e-02   6.5132922e-02
   6.9000000e+01  -1.2879433e-02   6.0347771e-02
   7.0000000e+01  -7.9470882e-03   5.6623473e-02
   7.1000000e+01  -7.3644457e-03   5.5545789e-02
   7.2000000e+01   8.5992016e-04   5.1848572e-02
   7.3000000e+01  -9.0518050e-03   5.4749551e-02
   7.4000000e+01  -1.6663904e-02   4.8988262e-02
   7.5000000e+01  -8.7326748e-03   4.9251103e-02
   7.6000000e+01  -4.4508072e-03   4.3772826e-02
   7.7000000e+01   6.3956438e-04   4.1513108e-02
   7.8000000e+01  -6.4628485e-03   3.5339149e-02
   7.9000000e+01  -6.9675116e-03   3.9844986e-02
   8.0000000e+01  -7.4470975e-03   4.2484597e-02
   8.1000000e+01  -7.2600213e-03   3.9232087e-02
   8.2000000e+01   7.9530195e-04   3.5352319e-02
   8.3000000e+01   2.7495688e-04   3.7879551e-02
   8.4000000e+01  -4.8340769e-03   3.5011346e-02
   8.5000000e+01  -2.0378913e-03   1.9674081e-02
   8.6000000e+01  -7.6153219e-03   2.1699089e-02
   8.7000000e+01  -1.5108174e-02   1.9761278e-02
   8.8000000e+01  -7.3954453e-03   3.0920646e-02
   8.9000000e+01  -8.3747354e-03   2.7835347e-02
   9.0000000e+01  -1.1835110e-02   2.6623571e-02
   9.1000000e+01  -1.2620727e-02   2.9757764e-02
   9.2000000e+01  -1.5943933e-03   3.5056559e-02
   9.3000000e+01  -8.5951665e-03   2.7032647e-02
   9.4000000e+01  -1.1918607e-02   2.5223118e-02
   9.5000000e+01  -1.0178966e-02   2.6452045e-02
   9.6000000e+01  -1.5622146e-02   2.4302687e-02
   9.7000000e+01  -1.6464089e-02   2.4745695e-02
   9.8000000e+01  -1.4532941e-02   2.8807302e-02
   9.9000000e+01  -2.6271332e-02   2.9342151e-02
   1.0000000e+02  -3.3763462e-02   3.6770092e-02
   1.0100000e+02  -9.8927506e-03   6.0555588e-02
   1.0200000e+02  -2.2828846e-02   5.5480832e-02
   1.0300000e+02  -5.7871389e-03   5.6923050e-02
   1.0400000e+02  -1.0300299e-02   4.6343698e-02
   1.0500000e+02   9.4305608e-03   6.7927204e-02
   1.0600000e+02  -2.3986125e-02   6.3922571e-02
   1.0700000e+02  -1.8078992e-02   4.9341686e-02
   1.0800000e+02  -3.4345266e-03   5.5114599e-02
   1.0900000e+02   3.3015995e-03   4.8708640e-02
   1.1000000e+02   1.0819331e-02   5.3047377e-02
   1.1100000e+02   2.2976532e-02   4.6579157e-02
   1.1200000e+02   1.4285734e-02   5.3497384e-02
   1.1300000e+02   1.6694509e-03   6.8732635e-02
   1.1400000e+02   1.1732235e-02   4.4650117e-02
   1.1500000e+02   1.7169573e-02   6.6286968e-02
   1.1600000e+02   2.5028257e-02   3.3004177e-02
   1.1700000e+02   2.4065048e-02   5.6951328e-02
   1.1800000e+02   1.9985548e-02   6.2132929e-02
   1.1900000e+02   1.0801868e-02   5.9386683e-02
   1.2000000e+02   1.0766164e-02   4.5032003e-02
