  -1.1000000e+03  -4.2301382e-01   3.1967725e-01
  -1.0990000e+03  -4.1386845e-01   3.1213124e-01
  -1.0980000e+03  -4.0452547e-01   3.0015437e-01
  -1.0970000e+03  -4.1544685e-01   3.2342071e-01
  -1.0960000e+03  -4.0355671e-01   3.1345501e-01
  -1.0950000e+03  -4.0557647e-01   3.1630970e-01
  -1.0940000e+03  -4.2910521e-01   3.1469104e-01
  -1.0930000e+03  -4.3578625e-01   2.9594713e-01
  -1.0920000e+03  -4.5775269e-01   2.6642466e-01
  -1.0910000e+03  -4.6688026e-01   2.6772739e-01
  -1.0900000e+03  -4.4617867e-01   2.8998021e-01
  -1.0890000e+03  -4.5150471e-01   2.8649792e-01
  -1.0880000e+03  -4.4191349e-01   3.1082023e-01
  -1.0870000e+03  -4.0546202e-01   3.1081820e-01
  -1.0860000e+03  -4.2226701e-01   3.0657503e-01
  -1.0850000e+03  -4.0733049e-01   3.0307324e-01
  -1.0840000e+03  -4.5191705e-01   3.1443013e-01
  -1.0830000e+03  -4.1820841e-01   2.8376025e-01
  -1.0820000e+03  -4.0877751e-01   2.8847189e-01
  -1.0810000e+03  -4.2136657e-01   3.0133459e-01
  -1.0800000e+03  -4.6299206e-01   3.2660708e-01
  -1.0790000e+03  -4.4849413e-01   3.1528028e-01
  -1.0780000e+03  -4.3576779e-01   3.3096003e-01
  -1.0770000e+03  -4.3463151e-01   3.3432059e-01
  -1.0760000e+03  -4.4649656e-01   3.2473743e-01
  -1.0750000e+03  -4.3385886e-01   3.2681343e-01
  -1.0740000e+03  -4.2840184e-01   3.1742472e-01
  -1.0730000e+03  -4.3367643e-01   3.1160027e-01
  -1.0720000e+03  -4.2559953e-01   2.9459189e-01
  -1.0710000e+03  -4.1437695e-01   2.7894816e-01
  -1.0700000e+03  -3.8893285e-01   2.5844823e-01
  -1.0690000e+03  -3.8452353e-01   2.4507875e-01
  -1.0680000e+03  -4.1569917e-01   2.6715066e-01
  -1.0670000e+03  -4.1356685e-01   2.7630815e-01
  -1.0660000e+03  -3.8798815e-01   3.0358429e-01
  -1.0650000e+03  -3.9104099e-01   2.8930830e-01
  -1.0640000e+03  -4.2270121e-01   2.6623304e-01
  -1.0630000e+03  -4.0411053e-01   2.7662669e-01
  -1.0620000e+03  -4.0999587e-01   2.8819710e-01
  -1.0610000e+03  -4.1536617e-01   2.7618999e-01
  -1.0600000e+03  -4.1114909e-01   2.8715742e-01
  -1.0590000e+03  -4.0205169e-01   2.9570181e-01
  -1.0580000e+03  -4.0198239e-01   3.0344487e-01
  -1.0570000e+03  -4.0774064e-01   2.9388358e-01
  -1.0560000e+03  -4.1338809e-01   2.9312083e-01
  -1.0550000e+03  -4.2177266e-01   2.8699306e-01
  -1.0540000e+03  -4.1308953e-01   3.0767968e-01
  -1.0530000e+03  -4.0979177e-01   2.8205357e-01
  -1.0520000e+03  -4.2739389e-01   2.9958903e-01
  -1.0510000e+03  -3.9911329e-01   2.8717041e-01
  -1.0500000e+03  -3.9715185e-01   2.7583136e-01
  -1.0490000e+03  -4.3423461e-01   2.7867809e-01
  -1.0480000e+03  -4.0650849e-01   2.8809056e-01
  -1.0470000e+03  -4.4543948e-01   3.1281091e-01
  -1.0460000e+03  -3.9250723e-01   3.1217238e-01
  -1.0450000e+03  -4.2459066e-01   2.8984699e-01
  -1.0440000e+03  -4.0822617e-01   2.5871235e-01
  -1.0430000e+03  -3.9748019e-01   2.5673714e-01
  -1.0420000e+03  -3.9920609e-01   2.5870315e-01
  -1.0410000e+03  -4.1434377e-01   2.6187672e-01
  -1.0400000e+03  -3.9888776e-01   2.6034380e-01
  -1.0390000e+03  -3.7588348e-01   2.5477338e-01
  -1.0380000e+03  -3.9774423e-01   2.5554815e-01
  -1.0370000e+03  -3.7293230e-01   2.5099650e-01
  -1.0360000e+03  -3.5369963e-01   2.5543826e-01
  -1.0350000e+03  -3.7369446e-01   2.6161050e-01
  -1.0340000e+03  -3.5054609e-01   2.6887949e-01
  -1.0330000e+03  -3.6953737e-01   2.4801620e-01
  -1.0320000e+03  -3.8888773e-01   2.3113252e-01
  -1.0310000e+03  -3.9614812e-01   2.4962719e-01
  -1.0300000e+03  -3.8610420e-01   2.5691001e-01
  -1.0290000e+03  -3.8605006e-01   2.6649556e-01
  -1.0280000e+03  -3.9313691e-01   2.5195115e-01
  -1.0270000e+03  -3.8537952e-01   2.4387137e-01
  -1.0260000e+03  -3.8802538e-01   2.2695478e-01
  -1.0250000e+03  -3.9697854e-01   2.4511000e-01
  -1.0240000e+03  -3.8923785e-01   2.4876807e-01
  -1.0230000e+03  -3.9273790e-01   2.7026326e-01
  -1.0220000e+03  -3.9812690e-01   2.8618387e-01
  -1.0210000e+03  -3.5493370e-01   2.8166652e-01
  -1.0200000e+03  -3.6504285e-01   2.6445582e-01
  -1.0190000e+03  -3.7856092e-01   2.6687265e-01
  -1.0180000e+03  -3.7976112e-01   2.6751565e-01
  -1.0170000e+03  -3.9910198e-01   2.8421239e-01
  -1.0160000e+03  -3.6569414e-01   2.8034680e-01
  -1.0150000e+03  -3.7148819e-01   2.7343065e-01
  -1.0140000e+03  -3.5428991e-01   2.7153443e-01
  -1.0130000e+03  -3.6287527e-01   2.6924166e-01
  -1.0120000e+03  -3.6588106e-01   2.7289940e-01
  -1.0110000e+03  -3.6663705e-01   2.8124722e-01
  -1.0100000e+03  -3.7228117e-01   2.7820561e-01
  -1.0090000e+03  -3.8161638e-01   2.7027096e-01
  -1.0080000e+03  -3.7506112e-01   2.5503540e-01
  -1.0070000e+03  -3.8044123e-01   2.4207473e-01
  -1.0060000e+03  -3.6349270e-01   2.4126559e-01
  -1.0050000e+03  -3.7804658e-01   2.2757165e-01
  -1.0040000e+03  -3.8408279e-01   2.3686962e-01
  -1.0030000e+03  -3.9328377e-01   2.2432663e-01
  -1.0020000e+03  -3.7826258e-01   2.1247746e-01
  -1.0010000e+03  -3.7794772e-01   2.1520161e-01
  -1.0000000e+03  -3.8298059e-01   2.1241582e-01
  -9.9900000e+02  -3.8592306e-01   2.0053330e-01
  -9.9800000e+02  -3.9071550e-01   2.0215784e-01
  -9.9700000e+02  -3.7935052e-01   2.2059975e-01
  -9.9600000e+02  -3.8291008e-01   2.1025582e-01
  -9.9500000e+02  -3.7968125e-01   2.3731387e-01
  -9.9400000e+02  -3.9061112e-01   2.1712268e-01
  -9.9300000e+02  -3.8671035e-01   2.3574656e-01
  -9.9200000e+02  -3.7536102e-01   2.1616837e-01
  -9.9100000e+02  -3.5187225e-01   2.3267527e-01
  -9.9000000e+02  -3.4432903e-01   2.2389996e-01
  -9.8900000e+02  -3.5969737e-01   2.3249375e-01
  -9.8800000e+02  -3.5430505e-01   2.4061511e-01
  -9.8700000e+02  -3.7041923e-01   2.4128012e-01
  -9.8600000e+02  -3.7495585e-01   2.1925066e-01
  -9.8500000e+02  -3.7623650e-01   2.2410071e-01
  -9.8400000e+02  -3.5318634e-01   2.1615678e-01
  -9.8300000e+02  -3.6341133e-01   2.2003078e-01
  -9.8200000e+02  -3.4824351e-01   2.1337216e-01
  -9.8100000e+02  -3.5625560e-01   2.0299210e-01
  -9.8000000e+02  -3.6512151e-01   1.9631447e-01
  -9.7900000e+02  -3.2604571e-01   1.6436369e-01
  -9.7800000e+02  -3.2909606e-01   1.6404472e-01
  -9.7700000e+02  -3.3803185e-01   1.6491483e-01
  -9.7600000e+02  -3.1558527e-01   1.6132132e-01
  -9.7500000e+02  -3.2913678e-01   1.6934375e-01
  -9.7400000e+02  -3.1545789e-01   1.7609803e-01
  -9.7300000e+02  -3.0636583e-01   1.8908616e-01
  -9.7200000e+02  -3.1142917e-01   1.7760842e-01
  -9.7100000e+02  -3.2319052e-01   1.9156168e-01
  -9.7000000e+02  -3.3359196e-01   1.8751191e-01
  -9.6900000e+02  -3.3927394e-01   1.7732571e-01
  -9.6800000e+02  -3.2411272e-01   1.5602815e-01
  -9.6700000e+02  -3.2742608e-01   1.5815768e-01
  -9.6600000e+02  -3.2612618e-01   1.6779000e-01
  -9.6500000e+02  -3.2355692e-01   1.7167816e-01
  -9.6400000e+02  -3.1254694e-01   1.6667419e-01
  -9.6300000e+02  -3.1453852e-01   1.6634764e-01
  -9.6200000e+02  -3.2437430e-01   1.7856845e-01
  -9.6100000e+02  -3.0539991e-01   1.8498468e-01
  -9.6000000e+02  -3.1986083e-01   1.6794875e-01
  -9.5900000e+02  -3.1072368e-01   1.7299745e-01
  -9.5800000e+02  -3.0823306e-01   1.8506800e-01
  -9.5700000e+02  -3.2697720e-01   1.9876968e-01
  -9.5600000e+02  -3.2428440e-01   1.9856840e-01
  -9.5500000e+02  -3.3097633e-01   1.7996217e-01
  -9.5400000e+02  -3.4203783e-01   1.9080990e-01
  -9.5300000e+02  -3.6988524e-01   1.7103304e-01
  -9.5200000e+02  -3.3467545e-01   1.7137567e-01
  -9.5100000e+02  -3.5031436e-01   1.7111598e-01
  -9.5000000e+02  -3.6090350e-01   1.8687250e-01
  -9.4900000e+02  -3.4488646e-01   1.8430862e-01
  -9.4800000e+02  -3.4373301e-01   1.7975530e-01
  -9.4700000e+02  -3.4291086e-01   1.8019903e-01
  -9.4600000e+02  -3.5262332e-01   1.7339624e-01
  -9.4500000e+02  -3.5299043e-01   1.7020532e-01
  -9.4400000e+02  -3.5106581e-01   1.7831646e-01
  -9.4300000e+02  -3.1885695e-01   1.7808975e-01
  -9.4200000e+02  -3.0849315e-01   1.8604279e-01
  -9.4100000e+02  -3.2363734e-01   1.7073520e-01
  -9.4000000e+02  -3.3835701e-01   1.4344263e-01
  -9.3900000e+02  -3.5935658e-01   1.3220357e-01
  -9.3800000e+02  -3.6516722e-01   1.4823287e-01
  -9.3700000e+02  -3.2840074e-01   1.7548220e-01
  -9.3600000e+02  -3.1590013e-01   1.7497597e-01
  -9.3500000e+02  -3.1977342e-01   1.6869583e-01
  -9.3400000e+02  -3.1292984e-01   1.7616688e-01
  -9.3300000e+02  -3.1457057e-01   1.8313285e-01
  -9.3200000e+02  -3.0445559e-01   1.6757530e-01
  -9.3100000e+02  -3.2434033e-01   1.6473038e-01
  -9.3000000e+02  -3.2412137e-01   1.5811336e-01
  -9.2900000e+02  -3.2635155e-01   1.5997529e-01
  -9.2800000e+02  -3.5523233e-01   1.7991756e-01
  -9.2700000e+02  -3.4388591e-01   1.7427293e-01
  -9.2600000e+02  -3.5659594e-01   1.6715206e-01
  -9.2500000e+02  -3.4740506e-01   1.6698805e-01
  -9.2400000e+02  -3.7539730e-01   1.8080944e-01
  -9.2300000e+02  -3.8298064e-01   1.8700375e-01
  -9.2200000e+02  -3.7083446e-01   1.8407339e-01
  -9.2100000e+02  -3.6081863e-01   2.1766078e-01
  -9.2000000e+02  -3.4296023e-01   2.3627250e-01
  -9.1900000e+02  -3.5942437e-01   2.3635898e-01
  -9.1800000e+02  -3.3685119e-01   2.2273091e-01
  -9.1700000e+02  -3.4329311e-01   2.0735787e-01
  -9.1600000e+02  -3.7275122e-01   2.2520254e-01
  -9.1500000e+02  -3.8510134e-01   2.1111665e-01
  -9.1400000e+02  -3.8263048e-01   2.1606087e-01
  -9.1300000e+02  -3.9009444e-01   2.1665871e-01
  -9.1200000e+02  -3.8138721e-01   2.1466865e-01
  -9.1100000e+02  -4.0675619e-01   2.0388863e-01
  -9.1000000e+02  -4.0899746e-01   2.0453566e-01
  -9.0900000e+02  -3.9575038e-01   2.0325051e-01
  -9.0800000e+02  -3.9142954e-01   2.0917724e-01
  -9.0700000e+02  -3.8261040e-01   1.9459015e-01
  -9.0600000e+02  -3.7954929e-01   2.0829744e-01
  -9.0500000e+02  -3.8779127e-01   2.1462370e-01
  -9.0400000e+02  -3.6885035e-01   2.3402688e-01
  -9.0300000e+02  -3.7807601e-01   2.2856016e-01
  -9.0200000e+02  -3.8486212e-01   2.2112578e-01
  -9.0100000e+02  -3.8793923e-01   2.2326137e-01
  -9.0000000e+02  -3.8288086e-01   2.3110059e-01
  -8.9900000e+02  -3.8619692e-01   2.1609196e-01
  -8.9800000e+02  -3.8846976e-01   2.1320885e-01
  -8.9700000e+02  -3.9173856e-01   2.1864623e-01
  -8.9600000e+02  -3.5867094e-01   2.0476439e-01
  -8.9500000e+02  -3.7011592e-01   2.0816337e-01
  -8.9400000e+02  -3.7433984e-01   2.0321859e-01
  -8.9300000e+02  -3.5431198e-01   2.1357212e-01
  -8.9200000e+02  -3.3963062e-01   2.3003332e-01
  -8.9100000e+02  -3.5857676e-01   2.2263613e-01
  -8.9000000e+02  -3.6863769e-01   2.0281482e-01
  -8.8900000e+02  -3.6208346e-01   2.2288734e-01
  -8.8800000e+02  -3.6203359e-01   2.2801177e-01
  -8.8700000e+02  -3.8573162e-01   2.7001137e-01
  -8.8600000e+02  -3.2848354e-01   2.0242294e-01
  -8.8500000e+02  -3.4893362e-01   2.0074834e-01
  -8.8400000e+02  -3.2818541e-01   2.0149298e-01
  -8.8300000e+02  -3.3181743e-01   2.1367380e-01
  -8.8200000e+02  -3.6640105e-01   2.1550843e-01
  -8.8100000e+02  -3.7067982e-01   2.2028091e-01
  -8.8000000e+02  -3.8155772e-01   2.2060408e-01
  -8.7900000e+02  -3.7737099e-01   2.2312944e-01
  -8.7800000e+02  -3.7125517e-01   2.1912348e-01
  -8.7700000e+02  -3.7838955e-01   2.2070974e-01
  -8.7600000e+02  -3.8006410e-01   2.3890759e-01
  -8.7500000e+02  -3.6826544e-01   2.3239613e-01
  -8.7400000e+02  -3.7342158e-01   2.2348340e-01
  -8.7300000e+02  -3.5953905e-01   1.8993467e-01
  -8.7200000e+02  -3.6963810e-01   1.8112811e-01
  -8.7100000e+02  -3.7642374e-01   1.8054051e-01
  -8.7000000e+02  -3.6753818e-01   1.7877062e-01
  -8.6900000e+02  -4.1150484e-01   2.3791196e-01
  -8.6800000e+02  -3.9611288e-01   1.8354086e-01
  -8.6700000e+02  -3.9041297e-01   1.9083595e-01
  -8.6600000e+02  -3.7987829e-01   2.1145165e-01
  -8.6500000e+02  -3.6398128e-01   2.1378939e-01
  -8.6400000e+02  -3.6403141e-01   2.2226049e-01
  -8.6300000e+02  -3.5704230e-01   2.1649421e-01
  -8.6200000e+02  -3.4776800e-01   2.2648052e-01
  -8.6100000e+02  -3.5812372e-01   2.3299570e-01
  -8.6000000e+02  -3.4456386e-01   2.1863251e-01
  -8.5900000e+02  -3.3117926e-01   2.1763188e-01
  -8.5800000e+02  -3.3265028e-01   2.2127575e-01
  -8.5700000e+02  -3.3394905e-01   2.0857919e-01
  -8.5600000e+02  -3.4750191e-01   2.1752175e-01
  -8.5500000e+02  -3.3810742e-01   2.1432574e-01
  -8.5400000e+02  -3.2097860e-01   2.2371731e-01
  -8.5300000e+02  -3.1755438e-01   2.1985785e-01
  -8.5200000e+02  -3.1854679e-01   2.2091833e-01
  -8.5100000e+02  -3.2955688e-01   2.2470520e-01
  -8.5000000e+02  -3.4211480e-01   2.4799551e-01
  -8.4900000e+02  -3.3098416e-01   2.2353106e-01
  -8.4800000e+02  -3.2961596e-01   2.3357188e-01
  -8.4700000e+02  -3.3302672e-01   2.3124404e-01
  -8.4600000e+02  -3.3652991e-01   2.1262667e-01
  -8.4500000e+02  -3.2688757e-01   2.0310458e-01
  -8.4400000e+02  -3.2598222e-01   2.0041264e-01
  -8.4300000e+02  -3.2448881e-01   2.0704662e-01
  -8.4200000e+02  -3.3225549e-01   2.2578654e-01
  -8.4100000e+02  -3.2782071e-01   2.2594613e-01
  -8.4000000e+02  -3.2395414e-01   2.2863774e-01
  -8.3900000e+02  -3.2167186e-01   2.4084032e-01
  -8.3800000e+02  -3.4884236e-01   2.3657184e-01
  -8.3700000e+02  -3.4552384e-01   2.3575532e-01
  -8.3600000e+02  -3.5204252e-01   2.3810245e-01
  -8.3500000e+02  -3.5484598e-01   2.2464235e-01
  -8.3400000e+02  -3.4745781e-01   2.1256321e-01
  -8.3300000e+02  -3.4461205e-01   2.1989372e-01
  -8.3200000e+02  -3.5184244e-01   2.2681040e-01
  -8.3100000e+02  -3.3812025e-01   2.3262586e-01
  -8.3000000e+02  -3.5109561e-01   2.2736188e-01
  -8.2900000e+02  -3.5280160e-01   2.3981372e-01
  -8.2800000e+02  -3.2619919e-01   2.1018185e-01
  -8.2700000e+02  -3.2942929e-01   2.4438864e-01
  -8.2600000e+02  -3.2088679e-01   2.2998583e-01
  -8.2500000e+02  -3.3163104e-01   2.4605400e-01
  -8.2400000e+02  -3.1813941e-01   2.2270245e-01
  -8.2300000e+02  -2.8653160e-01   1.9197821e-01
  -8.2200000e+02  -2.9422724e-01   1.8105161e-01
  -8.2100000e+02  -2.9210132e-01   1.7740832e-01
  -8.2000000e+02  -2.9770308e-01   1.8436161e-01
  -8.1900000e+02  -2.9818936e-01   1.9491987e-01
  -8.1800000e+02  -3.0411674e-01   1.8710602e-01
  -8.1700000e+02  -3.0586274e-01   1.8357633e-01
  -8.1600000e+02  -2.8464704e-01   1.9128387e-01
  -8.1500000e+02  -2.8877112e-01   1.8755659e-01
  -8.1400000e+02  -3.0759032e-01   1.9019821e-01
  -8.1300000e+02  -2.8184066e-01   1.8797631e-01
  -8.1200000e+02  -2.7642590e-01   1.9487351e-01
  -8.1100000e+02  -2.7632938e-01   1.9575383e-01
  -8.1000000e+02  -2.9685655e-01   1.7552353e-01
  -8.0900000e+02  -2.9808418e-01   1.6843849e-01
  -8.0800000e+02  -3.1647604e-01   1.9712618e-01
  -8.0700000e+02  -3.0720692e-01   1.8417318e-01
  -8.0600000e+02  -3.0829078e-01   1.7151940e-01
  -8.0500000e+02  -3.0948693e-01   1.8694525e-01
  -8.0400000e+02  -3.0353422e-01   1.9451336e-01
  -8.0300000e+02  -3.0900675e-01   1.8150461e-01
  -8.0200000e+02  -3.1800239e-01   1.8565514e-01
  -8.0100000e+02  -3.0316042e-01   1.7076473e-01
  -8.0000000e+02  -3.4185868e-01   2.6241409e-01
  -7.9900000e+02  -3.3429248e-01   2.2660634e-01
  -7.9800000e+02  -3.3664683e-01   2.2814888e-01
  -7.9700000e+02  -3.3836992e-01   2.3108002e-01
  -7.9600000e+02  -3.4487239e-01   2.3172780e-01
  -7.9500000e+02  -3.3736636e-01   2.2490198e-01
  -7.9400000e+02  -3.1689547e-01   2.3201854e-01
  -7.9300000e+02  -3.4720994e-01   2.1668353e-01
  -7.9200000e+02  -3.3012752e-01   2.0594800e-01
  -7.9100000e+02  -3.5896869e-01   2.1521564e-01
  -7.9000000e+02  -3.7315149e-01   2.5071379e-01
  -7.8900000e+02  -3.7035960e-01   2.5317845e-01
  -7.8800000e+02  -3.8457062e-01   2.6482799e-01
  -7.8700000e+02  -3.6852517e-01   2.8392305e-01
  -7.8600000e+02  -3.7450721e-01   2.8538811e-01
  -7.8500000e+02  -3.8004607e-01   2.7801443e-01
  -7.8400000e+02  -3.8102899e-01   2.6700650e-01
  -7.8300000e+02  -4.0367940e-01   2.8359369e-01
  -7.8200000e+02  -3.8917844e-01   2.7353221e-01
  -7.8100000e+02  -3.7280216e-01   2.7797683e-01
  -7.8000000e+02  -3.8197591e-01   2.7438255e-01
  -7.7900000e+02  -3.9367697e-01   2.8063780e-01
  -7.7800000e+02  -3.9294938e-01   2.8616195e-01
  -7.7700000e+02  -3.8368660e-01   2.8568312e-01
  -7.7600000e+02  -3.8821944e-01   2.8119908e-01
  -7.7500000e+02  -3.9034322e-01   2.8330472e-01
  -7.7400000e+02  -3.9090577e-01   2.8283261e-01
  -7.7300000e+02  -3.9114841e-01   2.9974892e-01
  -7.7200000e+02  -3.9584199e-01   2.9720927e-01
  -7.7100000e+02  -4.0378554e-01   2.9356591e-01
  -7.7000000e+02  -4.1180088e-01   3.0218556e-01
  -7.6900000e+02  -4.0095455e-01   2.9743498e-01
  -7.6800000e+02  -3.8765387e-01   3.0633911e-01
  -7.6700000e+02  -3.8110224e-01   2.9520203e-01
  -7.6600000e+02  -3.8839691e-01   2.9287722e-01
  -7.6500000e+02  -3.9450508e-01   2.9839428e-01
  -7.6400000e+02  -3.9937713e-01   3.0169842e-01
  -7.6300000e+02  -3.9194016e-01   2.9870201e-01
  -7.6200000e+02  -3.8284894e-01   2.9353456e-01
  -7.6100000e+02  -3.7630029e-01   2.8402437e-01
  -7.6000000e+02  -3.9268867e-01   2.8603419e-01
  -7.5900000e+02  -3.8658912e-01   2.7744458e-01
  -7.5800000e+02  -3.9099293e-01   2.8269122e-01
  -7.5700000e+02  -3.9279472e-01   2.7157141e-01
  -7.5600000e+02  -4.1051135e-01   2.7787873e-01
  -7.5500000e+02  -4.1035514e-01   2.8593796e-01
  -7.5400000e+02  -4.1506644e-01   2.8313273e-01
  -7.5300000e+02  -4.1459401e-01   2.8960150e-01
  -7.5200000e+02  -4.2610974e-01   2.8593917e-01
  -7.5100000e+02  -4.1893153e-01   2.8872418e-01
  -7.5000000e+02  -4.2536241e-01   2.8472404e-01
  -7.4900000e+02  -4.1837345e-01   2.8751185e-01
  -7.4800000e+02  -4.1445351e-01   2.8677367e-01
  -7.4700000e+02  -4.3165473e-01   2.9054372e-01
  -7.4600000e+02  -4.2490244e-01   2.8705217e-01
  -7.4500000e+02  -4.5837851e-01   2.9470053e-01
  -7.4400000e+02  -4.3442855e-01   2.7681737e-01
  -7.4300000e+02  -4.4460386e-01   2.9262505e-01
  -7.4200000e+02  -4.0699574e-01   2.9248538e-01
  -7.4100000e+02  -3.9613184e-01   2.8733351e-01
  -7.4000000e+02  -3.9910102e-01   2.9424670e-01
  -7.3900000e+02  -3.9881165e-01   2.9557710e-01
  -7.3800000e+02  -4.0587391e-01   2.8299723e-01
  -7.3700000e+02  -4.0597106e-01   2.8251144e-01
  -7.3600000e+02  -4.0854614e-01   2.9012308e-01
  -7.3500000e+02  -4.0775932e-01   2.7275142e-01
  -7.3400000e+02  -3.8944995e-01   2.7363305e-01
  -7.3300000e+02  -3.9550503e-01   2.7470477e-01
  -7.3200000e+02  -3.9762144e-01   2.8142863e-01
  -7.3100000e+02  -4.0150762e-01   2.8100978e-01
  -7.3000000e+02  -4.0666372e-01   2.7145927e-01
  -7.2900000e+02  -4.2647453e-01   3.1200703e-01
  -7.2800000e+02  -4.3659075e-01   3.2252945e-01
  -7.2700000e+02  -4.4985983e-01   3.1990001e-01
  -7.2600000e+02  -4.4300817e-01   3.3077065e-01
  -7.2500000e+02  -4.4902939e-01   3.2144547e-01
  -7.2400000e+02  -4.5117383e-01   3.1387348e-01
  -7.2300000e+02  -4.5797917e-01   3.0099510e-01
  -7.2200000e+02  -4.5033765e-01   3.0553108e-01
  -7.2100000e+02  -4.3575511e-01   3.1349885e-01
  -7.2000000e+02  -4.2822647e-01   3.1337208e-01
  -7.1900000e+02  -4.2243530e-01   3.1731172e-01
  -7.1800000e+02  -4.2021316e-01   3.1340420e-01
  -7.1700000e+02  -4.3807925e-01   3.4050520e-01
  -7.1600000e+02  -4.2433529e-01   3.2850808e-01
  -7.1500000e+02  -4.3109031e-01   3.2131632e-01
  -7.1400000e+02  -4.5254187e-01   3.0863369e-01
  -7.1300000e+02  -4.3966896e-01   2.8940364e-01
  -7.1200000e+02  -4.2900246e-01   2.8716601e-01
  -7.1100000e+02  -4.2202462e-01   3.0117657e-01
  -7.1000000e+02  -4.2485076e-01   2.9819941e-01
  -7.0900000e+02  -4.2267316e-01   2.9895498e-01
  -7.0800000e+02  -4.1463613e-01   2.8354572e-01
  -7.0700000e+02  -4.0582144e-01   2.8143713e-01
  -7.0600000e+02  -3.9978379e-01   3.0016401e-01
  -7.0500000e+02  -4.1014063e-01   3.2007748e-01
  -7.0400000e+02  -3.8248924e-01   2.8307372e-01
  -7.0300000e+02  -3.8416117e-01   2.9567566e-01
  -7.0200000e+02  -3.7642654e-01   2.9302462e-01
  -7.0100000e+02  -3.7178708e-01   2.8678066e-01
  -7.0000000e+02  -3.5369356e-01   2.6274844e-01
  -6.9900000e+02  -3.5136925e-01   2.5434263e-01
  -6.9800000e+02  -3.5497232e-01   2.5806785e-01
  -6.9700000e+02  -3.5114200e-01   2.8193911e-01
  -6.9600000e+02  -3.6526846e-01   2.6598924e-01
  -6.9500000e+02  -3.7451416e-01   2.6580681e-01
  -6.9400000e+02  -3.5759890e-01   2.7201562e-01
  -6.9300000e+02  -3.3979756e-01   2.6700047e-01
  -6.9200000e+02  -3.3716730e-01   2.5635540e-01
  -6.9100000e+02  -3.5157183e-01   2.4860116e-01
  -6.9000000e+02  -3.4781830e-01   2.4418592e-01
  -6.8900000e+02  -3.7758643e-01   2.9939748e-01
  -6.8800000e+02  -3.6255998e-01   2.5049409e-01
  -6.8700000e+02  -3.8666023e-01   2.8324753e-01
  -6.8600000e+02  -3.6060683e-01   2.7215003e-01
  -6.8500000e+02  -3.7769881e-01   2.8546741e-01
  -6.8400000e+02  -3.5987076e-01   2.7027039e-01
  -6.8300000e+02  -3.5720913e-01   2.8869810e-01
  -6.8200000e+02  -3.5211980e-01   2.8490664e-01
  -6.8100000e+02  -3.6548569e-01   2.6721685e-01
  -6.8000000e+02  -3.6874269e-01   2.6953469e-01
  -6.7900000e+02  -3.7387064e-01   2.7038031e-01
  -6.7800000e+02  -3.6309968e-01   2.8472641e-01
  -6.7700000e+02  -3.6269490e-01   2.7964720e-01
  -6.7600000e+02  -3.5214639e-01   2.8475646e-01
  -6.7500000e+02  -3.4038678e-01   2.8193793e-01
  -6.7400000e+02  -3.5211438e-01   2.8571242e-01
  -6.7300000e+02  -3.7032450e-01   2.8058211e-01
  -6.7200000e+02  -3.4408156e-01   2.7489595e-01
  -6.7100000e+02  -3.4684022e-01   2.6182845e-01
  -6.7000000e+02  -3.4879522e-01   2.6791595e-01
  -6.6900000e+02  -3.6296201e-01   2.5947558e-01
  -6.6800000e+02  -3.5668925e-01   2.6153683e-01
  -6.6700000e+02  -3.6072328e-01   2.8528766e-01
  -6.6600000e+02  -3.6039936e-01   2.8318996e-01
  -6.6500000e+02  -3.4753208e-01   2.8513385e-01
  -6.6400000e+02  -3.4452631e-01   2.7913257e-01
  -6.6300000e+02  -3.7534723e-01   2.8883937e-01
  -6.6200000e+02  -3.5806843e-01   2.6581557e-01
  -6.6100000e+02  -3.6572860e-01   3.0387232e-01
  -6.6000000e+02  -3.6676967e-01   2.8756674e-01
  -6.5900000e+02  -3.7183919e-01   2.9052934e-01
  -6.5800000e+02  -3.7866684e-01   2.6498622e-01
  -6.5700000e+02  -3.9289277e-01   2.7303180e-01
  -6.5600000e+02  -3.7999394e-01   2.6157539e-01
  -6.5500000e+02  -3.8940454e-01   2.8001542e-01
  -6.5400000e+02  -3.9237937e-01   2.8703850e-01
  -6.5300000e+02  -3.8570877e-01   2.9945857e-01
  -6.5200000e+02  -3.7010107e-01   2.8230072e-01
  -6.5100000e+02  -3.6832552e-01   2.7310497e-01
  -6.5000000e+02  -3.7410288e-01   2.8809730e-01
  -6.4900000e+02  -3.8060450e-01   2.8541385e-01
  -6.4800000e+02  -3.8104661e-01   2.9097493e-01
  -6.4700000e+02  -3.7895244e-01   2.8463811e-01
  -6.4600000e+02  -3.7639212e-01   2.9423095e-01
  -6.4500000e+02  -3.7292263e-01   3.0432771e-01
  -6.4400000e+02  -3.7656729e-01   2.9942714e-01
  -6.4300000e+02  -3.7163173e-01   3.0110054e-01
  -6.4200000e+02  -3.4670447e-01   3.0189670e-01
  -6.4100000e+02  -3.4127355e-01   2.8605022e-01
  -6.4000000e+02  -3.3370482e-01   2.7939234e-01
  -6.3900000e+02  -3.3854284e-01   2.8242689e-01
  -6.3800000e+02  -3.4626354e-01   2.6746695e-01
  -6.3700000e+02  -3.2449246e-01   2.6664109e-01
  -6.3600000e+02  -3.4096542e-01   2.7110548e-01
  -6.3500000e+02  -3.3932126e-01   2.9832655e-01
  -6.3400000e+02  -3.6056326e-01   2.7639418e-01
  -6.3300000e+02  -3.4653353e-01   2.5530166e-01
  -6.3200000e+02  -3.6415730e-01   2.5380214e-01
  -6.3100000e+02  -3.7480784e-01   2.5611605e-01
  -6.3000000e+02  -3.6126519e-01   1.9153567e-01
  -6.2900000e+02  -3.2604910e-01   1.5975800e-01
  -6.2800000e+02  -3.1608830e-01   1.8558392e-01
  -6.2700000e+02  -2.9637109e-01   1.8923007e-01
  -6.2600000e+02  -3.0066977e-01   1.7517484e-01
  -6.2500000e+02  -2.9906987e-01   1.7600077e-01
  -6.2400000e+02  -3.0637522e-01   1.8332331e-01
  -6.2300000e+02  -2.7550228e-01   2.1894203e-01
  -6.2200000e+02  -2.8583689e-01   2.1978892e-01
  -6.2100000e+02  -2.7798591e-01   2.2793702e-01
  -6.2000000e+02  -2.8270061e-01   2.3278647e-01
  -6.1900000e+02  -2.7222843e-01   2.3867850e-01
  -6.1800000e+02  -2.6491316e-01   2.2969852e-01
  -6.1700000e+02  -2.7682818e-01   2.3828529e-01
  -6.1600000e+02  -2.8208062e-01   2.2579163e-01
  -6.1500000e+02  -3.0525352e-01   2.2316856e-01
  -6.1400000e+02  -3.1282226e-01   2.2850597e-01
  -6.1300000e+02  -3.0857426e-01   2.4031999e-01
  -6.1200000e+02  -3.1025481e-01   2.2029125e-01
  -6.1100000e+02  -3.2725353e-01   2.2311601e-01
  -6.1000000e+02  -3.2182444e-01   2.2133349e-01
  -6.0900000e+02  -3.3208947e-01   2.2462757e-01
  -6.0800000e+02  -3.1616428e-01   1.9925788e-01
  -6.0700000e+02  -3.2076724e-01   2.1407274e-01
  -6.0600000e+02  -3.1456582e-01   2.1269601e-01
  -6.0500000e+02  -3.1653461e-01   2.2060768e-01
  -6.0400000e+02  -3.1240963e-01   2.0786652e-01
  -6.0300000e+02  -3.1777226e-01   2.0246119e-01
  -6.0200000e+02  -3.2460809e-01   1.9527903e-01
  -6.0100000e+02  -3.2818074e-01   2.0010749e-01
  -6.0000000e+02  -3.3555197e-01   2.0417764e-01
  -5.9900000e+02  -3.5208256e-01   2.0714694e-01
  -5.9800000e+02  -3.5912752e-01   2.0092085e-01
  -5.9700000e+02  -3.5195947e-01   1.8485021e-01
  -5.9600000e+02  -3.7121593e-01   2.2856055e-01
  -5.9500000e+02  -3.6256214e-01   2.2977262e-01
  -5.9400000e+02  -3.4592614e-01   2.3699423e-01
  -5.9300000e+02  -3.5296215e-01   2.4734359e-01
  -5.9200000e+02  -3.5423242e-01   2.4500261e-01
  -5.9100000e+02  -3.6140973e-01   2.4276651e-01
  -5.9000000e+02  -3.7865386e-01   2.5155954e-01
  -5.8900000e+02  -3.5891020e-01   2.4526561e-01
  -5.8800000e+02  -3.5575936e-01   2.4514874e-01
  -5.8700000e+02  -3.4948876e-01   2.5540492e-01
  -5.8600000e+02  -3.4372014e-01   2.6271501e-01
  -5.8500000e+02  -3.5842297e-01   2.7971325e-01
  -5.8400000e+02  -3.7514354e-01   2.7609250e-01
  -5.8300000e+02  -3.7530531e-01   2.7520141e-01
  -5.8200000e+02  -3.6169742e-01   2.8103421e-01
  -5.8100000e+02  -3.5022216e-01   2.7420026e-01
  -5.8000000e+02  -3.5996890e-01   2.5629026e-01
  -5.7900000e+02  -3.5402269e-01   2.6899489e-01
  -5.7800000e+02  -3.6112123e-01   2.2444021e-01
  -5.7700000e+02  -3.7066939e-01   2.2009654e-01
  -5.7600000e+02  -3.6972491e-01   2.1557208e-01
  -5.7500000e+02  -3.5799648e-01   2.1201236e-01
  -5.7400000e+02  -3.5875927e-01   2.3230421e-01
  -5.7300000e+02  -3.4086650e-01   2.5756818e-01
  -5.7200000e+02  -3.4564905e-01   2.4089065e-01
  -5.7100000e+02  -3.3981507e-01   2.5537398e-01
  -5.7000000e+02  -3.4281441e-01   2.4795525e-01
  -5.6900000e+02  -3.2740807e-01   2.3754374e-01
  -5.6800000e+02  -3.2559837e-01   2.3988350e-01
  -5.6700000e+02  -3.3264195e-01   2.3125433e-01
  -5.6600000e+02  -3.3990847e-01   2.5174196e-01
  -5.6500000e+02  -3.2706823e-01   2.5143340e-01
  -5.6400000e+02  -3.1206278e-01   2.3230260e-01
  -5.6300000e+02  -3.2615186e-01   2.5314770e-01
  -5.6200000e+02  -3.1447659e-01   2.2732452e-01
  -5.6100000e+02  -3.0190916e-01   2.5672069e-01
  -5.6000000e+02  -3.1232397e-01   2.2092780e-01
  -5.5900000e+02  -3.0665093e-01   2.3203136e-01
  -5.5800000e+02  -3.0022715e-01   2.3299174e-01
  -5.5700000e+02  -3.0232514e-01   2.3015489e-01
  -5.5600000e+02  -3.0861691e-01   2.3622226e-01
  -5.5500000e+02  -3.0243549e-01   2.3109299e-01
  -5.5400000e+02  -3.0097057e-01   2.3768124e-01
  -5.5300000e+02  -3.3299594e-01   2.4713583e-01
  -5.5200000e+02  -3.1086532e-01   2.4699004e-01
  -5.5100000e+02  -3.3477968e-01   2.2996465e-01
  -5.5000000e+02  -3.3179365e-01   2.2240034e-01
  -5.4900000e+02  -3.2363706e-01   2.0788568e-01
  -5.4800000e+02  -3.1795638e-01   2.1572026e-01
  -5.4700000e+02  -3.2652108e-01   2.1539319e-01
  -5.4600000e+02  -3.1821235e-01   2.0955110e-01
  -5.4500000e+02  -3.2425875e-01   2.1961890e-01
  -5.4400000e+02  -3.0187376e-01   2.0058879e-01
  -5.4300000e+02  -3.1306015e-01   2.1342862e-01
  -5.4200000e+02  -3.2171515e-01   2.3255999e-01
  -5.4100000e+02  -3.3216840e-01   2.3312374e-01
  -5.4000000e+02  -3.5738523e-01   2.3358287e-01
  -5.3900000e+02  -3.5300778e-01   2.1105420e-01
  -5.3800000e+02  -3.5988428e-01   2.2117245e-01
  -5.3700000e+02  -3.4971478e-01   2.2079517e-01
  -5.3600000e+02  -3.4549248e-01   2.2143779e-01
  -5.3500000e+02  -3.3410620e-01   2.0223765e-01
  -5.3400000e+02  -3.6071238e-01   2.1886383e-01
  -5.3300000e+02  -3.4655827e-01   2.1273478e-01
  -5.3200000e+02  -3.4324533e-01   2.2279631e-01
  -5.3100000e+02  -3.3702512e-01   2.0139240e-01
  -5.3000000e+02  -3.2845726e-01   2.0382777e-01
  -5.2900000e+02  -3.2675703e-01   1.8866997e-01
  -5.2800000e+02  -3.3985098e-01   1.9614574e-01
  -5.2700000e+02  -3.3854344e-01   2.1940585e-01
  -5.2600000e+02  -3.2227435e-01   2.2501782e-01
  -5.2500000e+02  -3.3626155e-01   2.3117408e-01
  -5.2400000e+02  -3.5210063e-01   2.1649970e-01
  -5.2300000e+02  -3.5167826e-01   2.3642800e-01
  -5.2200000e+02  -3.5645531e-01   3.0134246e-01
  -5.2100000e+02  -3.4833169e-01   2.9779718e-01
  -5.2000000e+02  -3.4587541e-01   3.0167875e-01
  -5.1900000e+02  -3.3805841e-01   2.8027967e-01
  -5.1800000e+02  -3.7016243e-01   2.8325572e-01
  -5.1700000e+02  -3.4770404e-01   3.0260850e-01
  -5.1600000e+02  -3.4660409e-01   3.0017687e-01
  -5.1500000e+02  -3.4623116e-01   2.8583289e-01
  -5.1400000e+02  -3.5808845e-01   2.8237142e-01
  -5.1300000e+02  -3.4989794e-01   2.9393989e-01
  -5.1200000e+02  -3.3514702e-01   2.7743269e-01
  -5.1100000e+02  -3.3623625e-01   2.7086393e-01
  -5.1000000e+02  -3.3989575e-01   2.5615206e-01
  -5.0900000e+02  -3.4781290e-01   2.3034550e-01
  -5.0800000e+02  -3.3510856e-01   2.4095620e-01
  -5.0700000e+02  -3.4836288e-01   2.5453047e-01
  -5.0600000e+02  -3.1662378e-01   2.4925295e-01
  -5.0500000e+02  -3.3174310e-01   2.6477868e-01
  -5.0400000e+02  -3.2909180e-01   2.3302829e-01
  -5.0300000e+02  -3.2995432e-01   2.4407720e-01
  -5.0200000e+02  -3.2755241e-01   2.1982780e-01
  -5.0100000e+02  -3.1749158e-01   2.2647844e-01
  -5.0000000e+02  -3.2340276e-01   2.2758259e-01
  -4.9900000e+02  -3.0882129e-01   2.2117122e-01
  -4.9800000e+02  -3.0139011e-01   2.1100493e-01
  -4.9700000e+02  -3.0738966e-01   2.1170866e-01
  -4.9600000e+02  -2.8859995e-01   2.0809678e-01
  -4.9500000e+02  -3.0046295e-01   2.1341066e-01
  -4.9400000e+02  -2.9750668e-01   2.1876824e-01
  -4.9300000e+02  -3.0028899e-01   2.2284783e-01
  -4.9200000e+02  -2.8891250e-01   2.3052763e-01
  -4.9100000e+02  -2.9953607e-01   2.1213175e-01
  -4.9000000e+02  -2.9752879e-01   2.2550739e-01
  -4.8900000e+02  -3.1159479e-01   1.9448812e-01
  -4.8800000e+02  -3.0350368e-01   1.9288036e-01
  -4.8700000e+02  -3.0574049e-01   2.0112975e-01
  -4.8600000e+02  -3.1663849e-01   1.8066601e-01
  -4.8500000e+02  -3.0347273e-01   1.5100501e-01
  -4.8400000e+02  -3.0490277e-01   1.5494692e-01
  -4.8300000e+02  -3.0413607e-01   1.9246174e-01
  -4.8200000e+02  -3.0634640e-01   1.8947226e-01
  -4.8100000e+02  -3.0808095e-01   1.8736128e-01
  -4.8000000e+02  -2.8302295e-01   1.8403826e-01
  -4.7900000e+02  -2.9519330e-01   1.9602489e-01
  -4.7800000e+02  -2.9911777e-01   2.0684475e-01
  -4.7700000e+02  -2.7941979e-01   1.9344076e-01
  -4.7600000e+02  -2.6378508e-01   2.2203817e-01
  -4.7500000e+02  -2.5997213e-01   2.2634015e-01
  -4.7400000e+02  -2.6703433e-01   2.2337104e-01
  -4.7300000e+02  -2.6606967e-01   2.2067897e-01
  -4.7200000e+02  -2.7657174e-01   2.1181173e-01
  -4.7100000e+02  -2.8557987e-01   2.2285438e-01
  -4.7000000e+02  -2.7813092e-01   2.0468809e-01
  -4.6900000e+02  -2.8667349e-01   2.2530174e-01
  -4.6800000e+02  -2.8520093e-01   2.2740521e-01
  -4.6700000e+02  -2.7559734e-01   2.1725174e-01
  -4.6600000e+02  -2.8709907e-01   2.2508866e-01
  -4.6500000e+02  -3.0396382e-01   2.1307422e-01
  -4.6400000e+02  -2.9551433e-01   2.2395757e-01
  -4.6300000e+02  -2.7725498e-01   1.9466174e-01
  -4.6200000e+02  -2.9334823e-01   2.0728721e-01
  -4.6100000e+02  -3.0302006e-01   2.3893119e-01
  -4.6000000e+02  -2.9831007e-01   2.5290256e-01
  -4.5900000e+02  -2.8385261e-01   2.4571315e-01
  -4.5800000e+02  -3.0274934e-01   2.5703964e-01
  -4.5700000e+02  -2.9917126e-01   2.3793540e-01
  -4.5600000e+02  -2.9816931e-01   2.3217366e-01
  -4.5500000e+02  -3.1365617e-01   2.3755054e-01
  -4.5400000e+02  -3.2205097e-01   2.2761703e-01
  -4.5300000e+02  -3.1245571e-01   2.3578709e-01
  -4.5200000e+02  -3.1631055e-01   2.3790030e-01
  -4.5100000e+02  -3.2240790e-01   2.5689551e-01
  -4.5000000e+02  -3.0992520e-01   2.7242480e-01
  -4.4900000e+02  -3.4076454e-01   2.7481925e-01
  -4.4800000e+02  -3.4251923e-01   2.6063737e-01
  -4.4700000e+02  -3.5436292e-01   2.4759147e-01
  -4.4600000e+02  -3.4565790e-01   2.3322886e-01
  -4.4500000e+02  -3.4990441e-01   2.3588611e-01
  -4.4400000e+02  -3.4902838e-01   2.4166235e-01
  -4.4300000e+02  -3.1462257e-01   2.1040721e-01
  -4.4200000e+02  -3.2593886e-01   2.4018985e-01
  -4.4100000e+02  -3.3772578e-01   2.8077124e-01
  -4.4000000e+02  -3.3109885e-01   2.6595720e-01
  -4.3900000e+02  -3.4459791e-01   2.6501749e-01
  -4.3800000e+02  -3.4856313e-01   2.8596053e-01
  -4.3700000e+02  -3.6858419e-01   3.3165938e-01
  -4.3600000e+02  -3.7030688e-01   3.0404055e-01
  -4.3500000e+02  -3.9365133e-01   3.1730001e-01
  -4.3400000e+02  -3.6489860e-01   3.0144280e-01
  -4.3300000e+02  -3.7014561e-01   3.1360793e-01
  -4.3200000e+02  -3.6366952e-01   3.1048493e-01
  -4.3100000e+02  -3.4871349e-01   2.9958165e-01
  -4.3000000e+02  -3.4429857e-01   3.0150226e-01
  -4.2900000e+02  -3.2625771e-01   2.9106422e-01
  -4.2800000e+02  -3.3647219e-01   2.9989597e-01
  -4.2700000e+02  -3.4358095e-01   3.3116442e-01
  -4.2600000e+02  -3.4055301e-01   3.0716670e-01
  -4.2500000e+02  -3.4660713e-01   3.1733211e-01
  -4.2400000e+02  -3.6053796e-01   3.1898592e-01
  -4.2300000e+02  -3.6383849e-01   3.1462647e-01
  -4.2200000e+02  -3.6558646e-01   3.1734715e-01
  -4.2100000e+02  -3.5786727e-01   2.9348613e-01
  -4.2000000e+02  -3.5585514e-01   2.9439184e-01
  -4.1900000e+02  -3.4881827e-01   2.7544750e-01
  -4.1800000e+02  -3.4334387e-01   2.8798916e-01
  -4.1700000e+02  -3.3483828e-01   2.7440043e-01
  -4.1600000e+02  -3.4137828e-01   2.8374250e-01
  -4.1500000e+02  -3.2703026e-01   2.6229779e-01
  -4.1400000e+02  -3.3638768e-01   2.6783967e-01
  -4.1300000e+02  -3.4732822e-01   2.6924333e-01
  -4.1200000e+02  -3.4269860e-01   2.6990161e-01
  -4.1100000e+02  -3.4592171e-01   2.7596378e-01
  -4.1000000e+02  -3.4330739e-01   2.9293719e-01
  -4.0900000e+02  -3.4241580e-01   2.8883270e-01
  -4.0800000e+02  -3.3062282e-01   2.8381751e-01
  -4.0700000e+02  -3.3351151e-01   2.8188861e-01
  -4.0600000e+02  -3.3468422e-01   2.8434700e-01
  -4.0500000e+02  -3.4857931e-01   3.3153811e-01
  -4.0400000e+02  -3.2874695e-01   2.9638273e-01
  -4.0300000e+02  -3.1581777e-01   2.8612797e-01
  -4.0200000e+02  -3.2292527e-01   2.7998407e-01
  -4.0100000e+02  -3.3254944e-01   2.8159494e-01
  -4.0000000e+02  -3.2642512e-01   2.8745203e-01
  -3.9900000e+02  -3.3509310e-01   2.7315818e-01
  -3.9800000e+02  -3.4144367e-01   2.7473044e-01
  -3.9700000e+02  -3.2168178e-01   2.7643566e-01
  -3.9600000e+02  -3.3109521e-01   2.5735708e-01
  -3.9500000e+02  -3.3207109e-01   2.4922106e-01
  -3.9400000e+02  -3.2726416e-01   2.3777732e-01
  -3.9300000e+02  -3.4202167e-01   2.4734404e-01
  -3.9200000e+02  -3.3432821e-01   2.6126678e-01
  -3.9100000e+02  -3.1840073e-01   2.5089520e-01
  -3.9000000e+02  -3.1722134e-01   2.3857130e-01
  -3.8900000e+02  -3.1142491e-01   2.5207802e-01
  -3.8800000e+02  -3.1705318e-01   2.4200944e-01
  -3.8700000e+02  -3.2908277e-01   2.4285568e-01
  -3.8600000e+02  -3.2445898e-01   2.4054422e-01
  -3.8500000e+02  -3.2565969e-01   2.4358573e-01
  -3.8400000e+02  -3.2153744e-01   2.4046010e-01
  -3.8300000e+02  -3.1548945e-01   2.4268314e-01
  -3.8200000e+02  -3.1905731e-01   2.4905998e-01
  -3.8100000e+02  -3.2208064e-01   2.6080649e-01
  -3.8000000e+02  -3.2116919e-01   2.5545491e-01
  -3.7900000e+02  -3.1923206e-01   2.5394030e-01
  -3.7800000e+02  -3.3385225e-01   2.5698962e-01
  -3.7700000e+02  -3.3889220e-01   2.5642866e-01
  -3.7600000e+02  -3.4854066e-01   2.4332105e-01
  -3.7500000e+02  -3.5710732e-01   2.4062942e-01
  -3.7400000e+02  -3.7691285e-01   2.3771600e-01
  -3.7300000e+02  -3.7179426e-01   2.6609274e-01
  -3.7200000e+02  -3.5519979e-01   2.6086359e-01
  -3.7100000e+02  -3.5735656e-01   2.5145529e-01
  -3.7000000e+02  -3.5493238e-01   2.6277466e-01
  -3.6900000e+02  -3.7576467e-01   2.6644033e-01
  -3.6800000e+02  -3.6346355e-01   2.6625390e-01
  -3.6700000e+02  -3.4202451e-01   2.5590483e-01
  -3.6600000e+02  -3.4963348e-01   2.4599163e-01
  -3.6500000e+02  -3.4376722e-01   2.4945140e-01
  -3.6400000e+02  -3.5785360e-01   2.4544574e-01
  -3.6300000e+02  -3.5192740e-01   2.3195381e-01
  -3.6200000e+02  -3.5691619e-01   2.3200204e-01
  -3.6100000e+02  -3.4165991e-01   2.7205384e-01
  -3.6000000e+02  -3.3858231e-01   2.7072369e-01
  -3.5900000e+02  -3.5896448e-01   2.7974266e-01
  -3.5800000e+02  -3.7676988e-01   2.7739610e-01
  -3.5700000e+02  -3.7591443e-01   2.6084888e-01
  -3.5600000e+02  -3.8368620e-01   2.5685330e-01
  -3.5500000e+02  -3.8799802e-01   2.7173246e-01
  -3.5400000e+02  -3.7908312e-01   2.8363323e-01
  -3.5300000e+02  -3.8032216e-01   2.8018105e-01
  -3.5200000e+02  -3.7553726e-01   2.7051255e-01
  -3.5100000e+02  -3.8259314e-01   2.6178637e-01
  -3.5000000e+02  -3.8445085e-01   2.6892276e-01
  -3.4900000e+02  -3.7375522e-01   2.6966772e-01
  -3.4800000e+02  -3.6323677e-01   2.5276719e-01
  -3.4700000e+02  -3.9221876e-01   2.5412791e-01
  -3.4600000e+02  -3.8105659e-01   2.7768488e-01
  -3.4500000e+02  -3.8232569e-01   2.7633133e-01
  -3.4400000e+02  -3.6701064e-01   2.6283833e-01
  -3.4300000e+02  -3.7612372e-01   2.6556511e-01
  -3.4200000e+02  -3.4631980e-01   2.6383192e-01
  -3.4100000e+02  -3.4201053e-01   2.5642441e-01
  -3.4000000e+02  -3.3037986e-01   2.5840880e-01
  -3.3900000e+02  -3.4570420e-01   2.5535952e-01
  -3.3800000e+02  -3.3819480e-01   2.5732964e-01
  -3.3700000e+02  -3.3255631e-01   2.4334992e-01
  -3.3600000e+02  -3.4055434e-01   2.3426593e-01
  -3.3500000e+02  -3.4217703e-01   2.3714601e-01
  -3.3400000e+02  -3.3502824e-01   2.5824617e-01
  -3.3300000e+02  -3.2415575e-01   2.6676449e-01
  -3.3200000e+02  -3.3277718e-01   2.7428980e-01
  -3.3100000e+02  -3.3047677e-01   2.6047283e-01
  -3.3000000e+02  -3.4455579e-01   2.5954723e-01
  -3.2900000e+02  -3.6114913e-01   2.3475034e-01
  -3.2800000e+02  -3.6299788e-01   2.3796796e-01
  -3.2700000e+02  -3.3585028e-01   2.3069404e-01
  -3.2600000e+02  -3.4329527e-01   2.3923731e-01
  -3.2500000e+02  -3.3154202e-01   2.3799837e-01
  -3.2400000e+02  -3.1951558e-01   2.2841037e-01
  -3.2300000e+02  -3.2666961e-01   2.3984989e-01
  -3.2200000e+02  -3.0881918e-01   2.2849847e-01
  -3.2100000e+02  -3.0564987e-01   2.3538357e-01
  -3.2000000e+02  -3.0490396e-01   2.1818979e-01
  -3.1900000e+02  -3.1483681e-01   2.3935330e-01
  -3.1800000e+02  -3.2444505e-01   2.4400996e-01
  -3.1700000e+02  -3.3778388e-01   2.4144530e-01
  -3.1600000e+02  -3.5776794e-01   2.6012465e-01
  -3.1500000e+02  -3.5080433e-01   2.6437972e-01
  -3.1400000e+02  -3.1726544e-01   2.5007109e-01
  -3.1300000e+02  -3.3969728e-01   2.5523887e-01
  -3.1200000e+02  -3.4357694e-01   2.4540463e-01
  -3.1100000e+02  -3.2669116e-01   2.4055082e-01
  -3.1000000e+02  -3.3029498e-01   2.4176453e-01
  -3.0900000e+02  -3.3671458e-01   2.3547928e-01
  -3.0800000e+02  -3.3614060e-01   2.4869067e-01
  -3.0700000e+02  -3.5355363e-01   2.6537788e-01
  -3.0600000e+02  -3.4940768e-01   2.6684393e-01
  -3.0500000e+02  -3.3607114e-01   2.2464783e-01
  -3.0400000e+02  -3.3874537e-01   2.1646858e-01
  -3.0300000e+02  -3.4996825e-01   2.2674809e-01
  -3.0200000e+02  -3.3297932e-01   2.4050853e-01
  -3.0100000e+02  -3.4304306e-01   2.0995503e-01
  -3.0000000e+02  -3.4341191e-01   2.3890715e-01
  -2.9900000e+02  -3.6079413e-01   2.3798576e-01
  -2.9800000e+02  -3.6243543e-01   2.4855434e-01
  -2.9700000e+02  -3.5633601e-01   2.6906844e-01
  -2.9600000e+02  -3.4079236e-01   2.7287314e-01
  -2.9500000e+02  -3.4405956e-01   2.6532361e-01
  -2.9400000e+02  -3.4954704e-01   2.8459666e-01
  -2.9300000e+02  -3.5687189e-01   2.9218511e-01
  -2.9200000e+02  -3.3230540e-01   2.6874346e-01
  -2.9100000e+02  -3.4596990e-01   2.5690533e-01
  -2.9000000e+02  -3.6738016e-01   2.5696370e-01
  -2.8900000e+02  -3.6915312e-01   2.5003508e-01
  -2.8800000e+02  -3.6999801e-01   2.7013648e-01
  -2.8700000e+02  -3.6632016e-01   2.7635997e-01
  -2.8600000e+02  -3.5735226e-01   2.7841122e-01
  -2.8500000e+02  -3.5906912e-01   2.8032166e-01
  -2.8400000e+02  -4.0442474e-01   2.7489759e-01
  -2.8300000e+02  -4.2688485e-01   3.0133714e-01
  -2.8200000e+02  -4.3657323e-01   2.9048695e-01
  -2.8100000e+02  -4.0757456e-01   2.5286967e-01
  -2.8000000e+02  -3.9728256e-01   2.6389014e-01
  -2.7900000e+02  -3.8884509e-01   2.7950456e-01
  -2.7800000e+02  -3.8120156e-01   2.5669783e-01
  -2.7700000e+02  -3.7411446e-01   2.4103579e-01
  -2.7600000e+02  -3.7174057e-01   2.3264762e-01
  -2.7500000e+02  -3.6295033e-01   2.2478065e-01
  -2.7400000e+02  -3.6392274e-01   2.3632141e-01
  -2.7300000e+02  -3.6424368e-01   2.4910123e-01
  -2.7200000e+02  -3.5320867e-01   2.3020993e-01
  -2.7100000e+02  -3.4508513e-01   2.3100988e-01
  -2.7000000e+02  -3.5288215e-01   2.4203448e-01
  -2.6900000e+02  -3.3935465e-01   2.3018610e-01
  -2.6800000e+02  -3.3230207e-01   2.1777202e-01
  -2.6700000e+02  -3.4085145e-01   2.1260086e-01
  -2.6600000e+02  -3.4904757e-01   2.2871653e-01
  -2.6500000e+02  -3.4020617e-01   2.1680348e-01
  -2.6400000e+02  -3.3632403e-01   2.1915603e-01
  -2.6300000e+02  -3.2968268e-01   2.2897423e-01
  -2.6200000e+02  -3.2917315e-01   2.2639888e-01
  -2.6100000e+02  -3.3725975e-01   2.3296841e-01
  -2.6000000e+02  -3.3494917e-01   2.2123542e-01
  -2.5900000e+02  -3.1615667e-01   2.1995580e-01
  -2.5800000e+02  -3.1567295e-01   2.1754082e-01
  -2.5700000e+02  -3.2567769e-01   2.1701471e-01
  -2.5600000e+02  -3.3375608e-01   2.1235972e-01
  -2.5500000e+02  -3.3059373e-01   2.0474627e-01
  -2.5400000e+02  -3.3663667e-01   2.2152985e-01
  -2.5300000e+02  -3.3757960e-01   2.0433496e-01
  -2.5200000e+02  -3.3590357e-01   2.0913615e-01
  -2.5100000e+02  -3.4283517e-01   2.0121180e-01
  -2.5000000e+02  -3.3940719e-01   2.0237866e-01
  -2.4900000e+02  -3.3113042e-01   2.0266938e-01
  -2.4800000e+02  -3.4791684e-01   2.0851014e-01
  -2.4700000e+02  -3.4021405e-01   2.1148244e-01
  -2.4600000e+02  -3.3464125e-01   2.1343150e-01
  -2.4500000e+02  -3.6297634e-01   2.0863788e-01
  -2.4400000e+02  -3.4438521e-01   1.9829313e-01
  -2.4300000e+02  -3.8086463e-01   2.2916625e-01
  -2.4200000e+02  -3.6184299e-01   2.0829861e-01
  -2.4100000e+02  -3.6677849e-01   1.9920690e-01
  -2.4000000e+02  -3.6928730e-01   2.1598738e-01
  -2.3900000e+02  -3.4362073e-01   2.0114044e-01
  -2.3800000e+02  -3.2921800e-01   2.0515412e-01
  -2.3700000e+02  -3.4206503e-01   2.0624513e-01
  -2.3600000e+02  -3.4409864e-01   2.0354511e-01
  -2.3500000e+02  -3.4293006e-01   2.0008040e-01
  -2.3400000e+02  -3.6119947e-01   2.1732172e-01
  -2.3300000e+02  -3.4843227e-01   2.1756851e-01
  -2.3200000e+02  -3.4487744e-01   2.1145019e-01
  -2.3100000e+02  -3.5523334e-01   1.9902873e-01
  -2.3000000e+02  -3.6095904e-01   2.0100289e-01
  -2.2900000e+02  -3.6286004e-01   1.9898983e-01
  -2.2800000e+02  -3.4753174e-01   2.0100146e-01
  -2.2700000e+02  -3.3880193e-01   2.0670991e-01
  -2.2600000e+02  -3.2934524e-01   1.8682229e-01
  -2.2500000e+02  -3.2991971e-01   2.0599772e-01
  -2.2400000e+02  -3.2986232e-01   1.9278572e-01
  -2.2300000e+02  -3.3605053e-01   1.8297931e-01
  -2.2200000e+02  -3.2701624e-01   1.6292605e-01
  -2.2100000e+02  -3.5881382e-01   1.6831765e-01
  -2.2000000e+02  -3.3169708e-01   1.6217849e-01
  -2.1900000e+02  -3.3908560e-01   1.9513973e-01
  -2.1800000e+02  -3.5257285e-01   2.2462321e-01
  -2.1700000e+02  -3.4220699e-01   2.0665676e-01
  -2.1600000e+02  -3.2597755e-01   2.1409382e-01
  -2.1500000e+02  -3.2814351e-01   1.9067709e-01
  -2.1400000e+02  -3.1441381e-01   1.9586445e-01
  -2.1300000e+02  -3.2358164e-01   1.9670301e-01
  -2.1200000e+02  -3.2424656e-01   2.1208317e-01
  -2.1100000e+02  -3.2292531e-01   2.0473767e-01
  -2.1000000e+02  -3.0822395e-01   2.0058650e-01
  -2.0900000e+02  -3.1876620e-01   2.0155083e-01
  -2.0800000e+02  -3.2461098e-01   2.0594834e-01
  -2.0700000e+02  -3.2397932e-01   1.8254879e-01
  -2.0600000e+02  -3.4681551e-01   2.0801278e-01
  -2.0500000e+02  -3.5847438e-01   2.0379450e-01
  -2.0400000e+02  -3.3895902e-01   2.2276641e-01
  -2.0300000e+02  -3.3760790e-01   2.2541477e-01
  -2.0200000e+02  -3.5185958e-01   2.3947832e-01
  -2.0100000e+02  -3.3956886e-01   2.2670590e-01
  -2.0000000e+02  -3.3128283e-01   2.4615591e-01
  -1.9900000e+02  -3.4849062e-01   2.3037897e-01
  -1.9800000e+02  -3.5757412e-01   2.6456069e-01
  -1.9700000e+02  -3.4308859e-01   2.2554528e-01
  -1.9600000e+02  -3.4684556e-01   2.2435163e-01
  -1.9500000e+02  -3.4698014e-01   2.2993132e-01
  -1.9400000e+02  -3.3747253e-01   2.4578374e-01
  -1.9300000e+02  -3.3143525e-01   2.5483242e-01
  -1.9200000e+02  -3.6616574e-01   2.5570518e-01
  -1.9100000e+02  -3.5558512e-01   2.3361808e-01
  -1.9000000e+02  -3.7347022e-01   2.5554249e-01
  -1.8900000e+02  -3.7087168e-01   2.3192779e-01
  -1.8800000e+02  -3.5956233e-01   2.2427957e-01
  -1.8700000e+02  -3.4162733e-01   2.1869360e-01
  -1.8600000e+02  -3.2035813e-01   1.9738365e-01
  -1.8500000e+02  -3.1563437e-01   2.1335248e-01
  -1.8400000e+02  -3.0774821e-01   1.9669198e-01
  -1.8300000e+02  -3.1858993e-01   2.2061513e-01
  -1.8200000e+02  -3.2066573e-01   2.2007662e-01
  -1.8100000e+02  -3.1365386e-01   2.1529007e-01
  -1.8000000e+02  -3.2187145e-01   2.2293987e-01
  -1.7900000e+02  -3.0678913e-01   2.1251602e-01
  -1.7800000e+02  -3.0369718e-01   2.1547644e-01
  -1.7700000e+02  -3.0304082e-01   1.9798939e-01
  -1.7600000e+02  -2.9384561e-01   2.1730372e-01
  -1.7500000e+02  -3.1801128e-01   2.1507820e-01
  -1.7400000e+02  -3.2420214e-01   2.3393231e-01
  -1.7300000e+02  -3.2340447e-01   2.2376749e-01
  -1.7200000e+02  -3.2727818e-01   2.3415022e-01
  -1.7100000e+02  -3.2925115e-01   2.1814742e-01
  -1.7000000e+02  -3.2476280e-01   2.2669962e-01
  -1.6900000e+02  -3.1237224e-01   2.1453582e-01
  -1.6800000e+02  -3.3175703e-01   2.2883243e-01
  -1.6700000e+02  -3.3031763e-01   2.2942291e-01
  -1.6600000e+02  -3.2279520e-01   2.6151404e-01
  -1.6500000e+02  -3.1427528e-01   2.5438371e-01
  -1.6400000e+02  -3.1695473e-01   2.3068643e-01
  -1.6300000e+02  -3.0291531e-01   2.3243280e-01
  -1.6200000e+02  -3.1147804e-01   2.3358737e-01
  -1.6100000e+02  -3.1629365e-01   2.3043557e-01
  -1.6000000e+02  -3.1544310e-01   2.3931675e-01
  -1.5900000e+02  -3.2158839e-01   2.2610544e-01
  -1.5800000e+02  -3.3195762e-01   2.3637624e-01
  -1.5700000e+02  -3.3425311e-01   2.2348883e-01
  -1.5600000e+02  -3.4986208e-01   2.4455960e-01
  -1.5500000e+02  -3.3099290e-01   2.1020972e-01
  -1.5400000e+02  -3.3975504e-01   2.3125496e-01
  -1.5300000e+02  -3.3481249e-01   2.3092902e-01
  -1.5200000e+02  -3.3981035e-01   2.5010104e-01
  -1.5100000e+02  -3.3921124e-01   2.3496447e-01
  -1.5000000e+02  -3.2875171e-01   2.3959462e-01
  -1.4900000e+02  -3.4011490e-01   2.2907857e-01
  -1.4800000e+02  -3.4273986e-01   2.4036076e-01
  -1.4700000e+02  -3.3664434e-01   2.3842146e-01
  -1.4600000e+02  -3.1961274e-01   2.4866073e-01
  -1.4500000e+02  -3.2759256e-01   2.4244773e-01
  -1.4400000e+02  -3.2002958e-01   2.6742595e-01
  -1.4300000e+02  -3.0608680e-01   2.4680805e-01
  -1.4200000e+02  -3.0646070e-01   2.5279374e-01
  -1.4100000e+02  -3.1597406e-01   2.5011257e-01
  -1.4000000e+02  -3.1205292e-01   2.4662033e-01
  -1.3900000e+02  -3.2731455e-01   2.3969533e-01
  -1.3800000e+02  -3.5062320e-01   2.7492601e-01
  -1.3700000e+02  -3.3849696e-01   2.5787003e-01
  -1.3600000e+02  -3.4705994e-01   2.6481367e-01
  -1.3500000e+02  -3.5147928e-01   2.6654886e-01
  -1.3400000e+02  -3.2136966e-01   2.5244790e-01
  -1.3300000e+02  -3.0719735e-01   2.6085098e-01
  -1.3200000e+02  -3.1587045e-01   2.7009817e-01
  -1.3100000e+02  -3.4884377e-01   2.5883159e-01
  -1.3000000e+02  -3.5114189e-01   2.5749868e-01
  -1.2900000e+02  -3.4136786e-01   2.3979419e-01
  -1.2800000e+02  -3.3929029e-01   2.3531741e-01
  -1.2700000e+02  -3.3487275e-01   2.3316703e-01
  -1.2600000e+02  -3.3370975e-01   2.3616316e-01
  -1.2500000e+02  -3.3882338e-01   2.3807767e-01
  -1.2400000e+02  -3.3895258e-01   2.4839239e-01
  -1.2300000e+02  -3.2546852e-01   2.6239563e-01
  -1.2200000e+02  -3.3022364e-01   2.4642687e-01
  -1.2100000e+02  -3.2604686e-01   2.5285826e-01
  -1.2000000e+02  -3.4589229e-01   2.3043199e-01
  -1.1900000e+02  -3.3836991e-01   2.5183908e-01
  -1.1800000e+02  -3.2140191e-01   2.5551836e-01
  -1.1700000e+02  -3.2530121e-01   2.5272812e-01
  -1.1600000e+02  -3.2904199e-01   2.4605778e-01
  -1.1500000e+02  -3.2795093e-01   2.5661163e-01
  -1.1400000e+02  -3.3019823e-01   2.4876774e-01
  -1.1300000e+02  -3.4964411e-01   2.4475245e-01
  -1.1200000e+02  -3.2353457e-01   2.3621548e-01
  -1.1100000e+02  -3.2122107e-01   2.4500522e-01
  -1.1000000e+02  -3.3111630e-01   2.5545417e-01
  -1.0900000e+02  -3.3789071e-01   2.2593375e-01
  -1.0800000e+02  -3.2998248e-01   2.4868006e-01
  -1.0700000e+02  -3.3948838e-01   2.2209756e-01
  -1.0600000e+02  -3.5031698e-01   2.2132878e-01
  -1.0500000e+02  -3.2056527e-01   2.1689198e-01
  -1.0400000e+02  -3.3976661e-01   2.4439582e-01
  -1.0300000e+02  -3.3089457e-01   2.4431104e-01
  -1.0200000e+02  -3.0849509e-01   2.3373924e-01
  -1.0100000e+02  -3.2200980e-01   2.5234443e-01
  -1.0000000e+02  -3.3473762e-01   2.4432195e-01
  -9.9000000e+01  -3.3585326e-01   2.3515983e-01
  -9.8000000e+01  -3.1804178e-01   2.3197555e-01
  -9.7000000e+01  -3.3911234e-01   2.3582561e-01
  -9.6000000e+01  -3.2547942e-01   2.5254171e-01
  -9.5000000e+01  -3.3233206e-01   2.4910897e-01
  -9.4000000e+01  -3.2898357e-01   2.5966288e-01
  -9.3000000e+01  -3.3147312e-01   2.7043104e-01
  -9.2000000e+01  -3.2374068e-01   2.6471875e-01
  -9.1000000e+01  -3.3574983e-01   2.7015021e-01
  -9.0000000e+01  -3.4030986e-01   2.7802519e-01
  -8.9000000e+01  -3.5506068e-01   2.5432779e-01
  -8.8000000e+01  -3.3426796e-01   2.3770914e-01
  -8.7000000e+01  -3.3935016e-01   2.3301222e-01
  -8.6000000e+01  -3.4605490e-01   2.5734293e-01
  -8.5000000e+01  -3.4068421e-01   2.3901382e-01
  -8.4000000e+01  -3.4697546e-01   2.4004654e-01
  -8.3000000e+01  -3.6311300e-01   2.6333414e-01
  -8.2000000e+01  -3.3167580e-01   2.3166939e-01
  -8.1000000e+01  -3.3391223e-01   2.3301014e-01
  -8.0000000e+01  -3.3812891e-01   2.2257741e-01
  -7.9000000e+01  -3.4257713e-01   2.2424938e-01
  -7.8000000e+01  -3.3293427e-01   2.1128719e-01
  -7.7000000e+01  -3.4388688e-01   2.3004679e-01
  -7.6000000e+01  -3.3978000e-01   2.3239398e-01
  -7.5000000e+01  -3.3996529e-01   2.3603278e-01
  -7.4000000e+01  -3.3141274e-01   2.1573003e-01
  -7.3000000e+01  -3.3932420e-01   2.3304681e-01
  -7.2000000e+01  -3.3499244e-01   2.4988294e-01
  -7.1000000e+01  -3.5195423e-01   2.4756661e-01
  -7.0000000e+01  -3.5800980e-01   2.4322739e-01
  -6.9000000e+01  -3.8955091e-01   2.6004079e-01
  -6.8000000e+01  -3.8373857e-01   2.6111545e-01
  -6.7000000e+01  -3.5416632e-01   2.4348036e-01
  -6.6000000e+01  -3.6114178e-01   2.5658160e-01
  -6.5000000e+01  -3.6331871e-01   2.5064101e-01
  -6.4000000e+01  -3.7515035e-01   2.4508473e-01
  -6.3000000e+01  -3.6895245e-01   2.4324159e-01
  -6.2000000e+01  -3.4229024e-01   2.5947789e-01
  -6.1000000e+01  -3.3246980e-01   2.4324110e-01
  -6.0000000e+01  -3.3405029e-01   2.3527746e-01
  -5.9000000e+01  -3.3915044e-01   2.3355825e-01
  -5.8000000e+01  -3.3755752e-01   2.2533282e-01
  -5.7000000e+01  -3.6311844e-01   2.0823042e-01
  -5.6000000e+01  -3.5630911e-01   1.9399830e-01
  -5.5000000e+01  -3.3272188e-01   2.0029742e-01
  -5.4000000e+01  -3.1477453e-01   2.0035389e-01
  -5.3000000e+01  -3.2048168e-01   2.0173372e-01
  -5.2000000e+01  -3.1528641e-01   2.0003193e-01
  -5.1000000e+01  -3.1790669e-01   1.9926490e-01
  -5.0000000e+01  -3.0836700e-01   2.2411133e-01
  -4.9000000e+01  -3.4640291e-01   2.1097189e-01
  -4.8000000e+01  -3.5379838e-01   2.3210146e-01
  -4.7000000e+01  -3.5811933e-01   2.2244933e-01
  -4.6000000e+01  -3.5400043e-01   2.1785626e-01
  -4.5000000e+01  -3.5786160e-01   2.0744089e-01
  -4.4000000e+01  -3.4749001e-01   1.9730792e-01
  -4.3000000e+01  -3.2722249e-01   2.1231684e-01
  -4.2000000e+01  -3.3793640e-01   2.1084920e-01
  -4.1000000e+01  -3.4106248e-01   1.9510344e-01
  -4.0000000e+01  -3.3258855e-01   1.9012371e-01
  -3.9000000e+01  -3.1736432e-01   2.0912708e-01
  -3.8000000e+01  -3.2252071e-01   2.0934519e-01
  -3.7000000e+01  -3.1998111e-01   1.8780750e-01
  -3.6000000e+01  -3.0285939e-01   1.9117604e-01
  -3.5000000e+01  -3.2124271e-01   2.0287492e-01
  -3.4000000e+01  -3.0308817e-01   2.0796904e-01
  -3.3000000e+01  -2.8392373e-01   2.0596121e-01
  -3.2000000e+01  -2.8120357e-01   1.9798810e-01
  -3.1000000e+01  -2.9167753e-01   2.0348289e-01
  -3.0000000e+01  -2.7116712e-01   1.9193891e-01
  -2.9000000e+01  -2.9047457e-01   1.9124428e-01
  -2.8000000e+01  -2.8134423e-01   1.5644679e-01
  -2.7000000e+01  -3.1281061e-01   1.7772384e-01
  -2.6000000e+01  -3.0399964e-01   1.6907218e-01
  -2.5000000e+01  -2.9982870e-01   1.8252295e-01
  -2.4000000e+01  -2.5717775e-01   1.6155620e-01
  -2.3000000e+01  -2.6421680e-01   1.7174471e-01
  -2.2000000e+01  -2.7261892e-01   1.5909969e-01
  -2.1000000e+01  -2.7264843e-01   1.5780533e-01
  -2.0000000e+01  -2.6634747e-01   1.6238596e-01
  -1.9000000e+01  -2.5627357e-01   1.5538802e-01
  -1.8000000e+01  -2.3521191e-01   1.5140511e-01
  -1.7000000e+01  -2.2768460e-01   1.5527057e-01
  -1.6000000e+01  -2.2528034e-01   1.5313844e-01
  -1.5000000e+01  -2.4144729e-01   1.7347881e-01
  -1.4000000e+01  -2.2278232e-01   1.3744125e-01
  -1.3000000e+01  -2.1594763e-01   1.4600130e-01
  -1.2000000e+01  -2.0924034e-01   1.2902182e-01
  -1.1000000e+01  -1.9788902e-01   1.1590221e-01
  -1.0000000e+01  -1.9166491e-01   1.1566191e-01
  -9.0000000e+00  -1.8384161e-01   1.1378592e-01
  -8.0000000e+00  -1.7917009e-01   1.1399260e-01
  -7.0000000e+00  -1.7570691e-01   1.2674568e-01
  -6.0000000e+00  -1.6999556e-01   1.4665061e-01
  -5.0000000e+00  -1.5670189e-01   1.3859189e-01
  -4.0000000e+00  -1.7350074e-01   1.4313326e-01
  -3.0000000e+00  -1.4200323e-01   1.3695020e-01
  -2.0000000e+00  -1.4736502e-01   1.4060316e-01
  -1.0000000e+00  -1.3549371e-01   1.3271452e-01
   0.0000000e+00  -1.4257449e-01   1.3172375e-01
   1.0000000e+00  -1.0945502e-01   1.2526505e-01
   2.0000000e+00  -9.3600679e-02   9.6894448e-02
   3.0000000e+00  -7.5428094e-02   7.4308982e-02
   4.0000000e+00  -6.9452180e-02   7.0245287e-02
   5.0000000e+00  -5.2816927e-02   5.2302176e-02
   6.0000000e+00  -4.4215412e-02   3.4776144e-02
   7.0000000e+00  -5.3079140e-02   4.6786477e-02
   8.0000000e+00  -4.6267184e-02   4.0225342e-02
   9.0000000e+00  -4.2663197e-02   3.5860960e-02
   1.0000000e+01  -5.2813156e-02   5.2675207e-02
   1.1000000e+01  -5.3153113e-02   4.4158822e-02
   1.2000000e+01  -5.1237539e-02   4.1473390e-02
   1.3000000e+01  -5.8018566e-02   5.0800454e-02
   1.4000000e+01  -6.8209275e-02   5.1635914e-02
   1.5000000e+01  -6.3437867e-02   5.8252047e-02
   1.6000000e+01  -6.3427529e-02   5.4327007e-02
   1.7000000e+01  -6.3499911e-02   4.9386767e-02
   1.8000000e+01  -6.8419248e-02   5.3579822e-02
   1.9000000e+01  -6.8374780e-02   5.2590036e-02
   2.0000000e+01  -7.2420685e-02   5.5583921e-02
   2.1000000e+01  -8.6868430e-02   7.0465886e-02
   2.2000000e+01  -7.9819376e-02   5.4902936e-02
   2.3000000e+01  -8.4650451e-02   6.2461598e-02
   2.4000000e+01  -9.3057165e-02   7.2858874e-02
   2.5000000e+01  -9.6284266e-02   6.5990654e-02
   2.6000000e+01  -9.2689342e-02   6.0685218e-02
   2.7000000e+01  -9.9226268e-02   6.2394213e-02
   2.8000000e+01  -1.0435705e-01   7.0806499e-02
   2.9000000e+01  -1.0606257e-01   7.4737792e-02
   3.0000000e+01  -1.0243618e-01   6.9416812e-02
   3.1000000e+01  -1.0653163e-01   7.6033255e-02
   3.2000000e+01  -1.0499431e-01   7.9197245e-02
   3.3000000e+01  -1.0733984e-01   8.8228006e-02
   3.4000000e+01  -1.0775423e-01   8.1940846e-02
   3.5000000e+01  -1.1116655e-01   8.8126178e-02
   3.6000000e+01  -1.0962149e-01   9.0901113e-02
   3.7000000e+01  -1.1098225e-01   8.1907936e-02
   3.8000000e+01  -1.1171479e-01   8.0005887e-02
   3.9000000e+01  -1.1283015e-01   8.3137266e-02
   4.0000000e+01  -1.1449756e-01   7.5096850e-02
   4.1000000e+01  -1.1523267e-01   7.9570091e-02
   4.2000000e+01  -1.1688697e-01   7.9193588e-02
   4.3000000e+01  -8.4689202e-02   9.1059967e-02
   4.4000000e+01  -8.7300744e-02   1.0252274e-01
   4.5000000e+01  -8.0207788e-02   1.1501204e-01
   4.6000000e+01  -8.3946110e-02   1.1136822e-01
   4.7000000e+01  -7.9754871e-02   1.2092552e-01
   4.8000000e+01  -8.1778490e-02   1.1759022e-01
   4.9000000e+01  -8.7965135e-02   1.2746472e-01
   5.0000000e+01  -8.5633015e-02   1.2637680e-01
   5.1000000e+01  -8.4863239e-02   1.2616395e-01
   5.2000000e+01  -9.3692001e-02   1.3027123e-01
   5.3000000e+01  -9.1253009e-02   1.2904739e-01
   5.4000000e+01  -9.0179998e-02   1.1847473e-01
   5.5000000e+01  -9.0615414e-02   1.2234133e-01
   5.6000000e+01  -8.7961428e-02   1.1682927e-01
   5.7000000e+01  -8.3628787e-02   1.1574673e-01
   5.8000000e+01  -8.3390362e-02   1.2034586e-01
   5.9000000e+01  -8.1617465e-02   1.1741763e-01
   6.0000000e+01  -8.2588556e-02   1.2489763e-01
   6.1000000e+01  -6.6493780e-02   1.1218388e-01
   6.2000000e+01  -7.1662808e-02   1.1471734e-01
   6.3000000e+01  -7.4174504e-02   1.1047132e-01
   6.4000000e+01  -7.8492669e-02   1.0173624e-01
   6.5000000e+01  -4.6273783e-02   9.7060384e-02
   6.6000000e+01  -5.1366213e-02   9.2563898e-02
   6.7000000e+01  -6.0157602e-02   9.9644352e-02
   6.8000000e+01  -6.5779169e-02   9.9179034e-02
   6.9000000e+01  -6.1485062e-02   9.6893024e-02
   7.0000000e+01  -6.5409381e-02   9.5604318e-02
   7.1000000e+01  -6.4386901e-02   9.4689271e-02
   7.2000000e+01  -7.2772783e-02   9.2104765e-02
   7.3000000e+01  -6.0465922e-02   7.6710858e-02
   7.4000000e+01  -4.9456255e-02   6.6951644e-02
   7.5000000e+01  -5.6453531e-02   7.1841954e-02
   7.6000000e+01  -5.9513315e-02   7.0901783e-02
   7.7000000e+01  -6.5867825e-02   7.5475027e-02
   7.8000000e+01  -5.7761453e-02   6.4809925e-02
   7.9000000e+01  -5.7238332e-02   7.1504866e-02
   8.0000000e+01  -5.4916161e-02   5.6209403e-02
   8.1000000e+01  -5.4155878e-02   5.5084032e-02
   8.2000000e+01  -6.2679522e-02   6.1500757e-02
   8.3000000e+01  -6.1689332e-02   6.1912544e-02
   8.4000000e+01  -5.5179600e-02   5.6852117e-02
   8.5000000e+01  -5.5742809e-02   4.8156045e-02
   8.6000000e+01  -4.8785915e-02   4.7748913e-02
   8.7000000e+01  -4.1212772e-02   4.8140322e-02
   8.8000000e+01  -4.8127553e-02   5.9059939e-02
   8.9000000e+01  -4.7468341e-02   4.9125930e-02
   9.0000000e+01  -4.4716146e-02   4.4719334e-02
   9.1000000e+01  -4.7058240e-02   5.5749626e-02
   9.2000000e+01  -5.9471186e-02   7.1698435e-02
   9.3000000e+01  -4.9328523e-02   4.8711359e-02
   9.4000000e+01  -4.7243241e-02   4.4462492e-02
   9.5000000e+01  -4.7019578e-02   4.4928799e-02
   9.6000000e+01  -4.3064998e-02   4.3456480e-02
   9.7000000e+01  -4.2267955e-02   4.9149588e-02
   9.8000000e+01  -4.6773840e-02   4.2696723e-02
   9.9000000e+01  -4.1827628e-02   5.1404414e-02
   1.0000000e+02  -5.1878295e-02   5.9911193e-02
   1.0100000e+02  -1.0662641e-01   1.4548656e-01
   1.0200000e+02  -1.0626931e-01   1.3192226e-01
   1.0300000e+02  -1.2347799e-01   1.4842031e-01
   1.0400000e+02  -1.2348230e-01   1.2431377e-01
   1.0500000e+02  -1.5184779e-01   1.8963938e-01
   1.0600000e+02  -1.1806291e-01   1.1851190e-01
   1.0700000e+02  -1.2808659e-01   1.2851619e-01
   1.0800000e+02  -1.5331045e-01   1.4287353e-01
   1.0900000e+02  -1.7601884e-01   1.4551653e-01
   1.1000000e+02  -1.9398513e-01   1.5152470e-01
   1.1100000e+02  -2.1201361e-01   1.6066022e-01
   1.1200000e+02  -2.1638078e-01   1.6008607e-01
   1.1300000e+02  -1.9672459e-01   1.6943506e-01
   1.1400000e+02  -2.0838613e-01   1.6592072e-01
   1.1500000e+02  -2.3151405e-01   1.8214414e-01
   1.1600000e+02  -2.3646545e-01   1.8126004e-01
   1.1700000e+02  -2.4642668e-01   1.8711611e-01
   1.1800000e+02  -2.5446411e-01   1.9350076e-01
   1.1900000e+02  -2.5556040e-01   2.1434740e-01
   1.2000000e+02  -2.5851303e-01   2.2615408e-01
