  -1.2000000e+03   0.0000000e+00   0.0000000e+00
  -1.1990000e+03   0.0000000e+00   0.0000000e+00
  -1.1980000e+03   0.0000000e+00   0.0000000e+00
  -1.1970000e+03   0.0000000e+00   0.0000000e+00
  -1.1960000e+03   0.0000000e+00   0.0000000e+00
  -1.1950000e+03   0.0000000e+00   0.0000000e+00
  -1.1940000e+03   0.0000000e+00   0.0000000e+00
  -1.1930000e+03   0.0000000e+00   0.0000000e+00
  -1.1920000e+03   0.0000000e+00   0.0000000e+00
  -1.1910000e+03   0.0000000e+00   0.0000000e+00
  -1.1900000e+03   0.0000000e+00   0.0000000e+00
  -1.1890000e+03   0.0000000e+00   0.0000000e+00
  -1.1880000e+03   0.0000000e+00   0.0000000e+00
  -1.1870000e+03   0.0000000e+00   0.0000000e+00
  -1.1860000e+03   0.0000000e+00   0.0000000e+00
  -1.1850000e+03   0.0000000e+00   0.0000000e+00
  -1.1840000e+03   0.0000000e+00   0.0000000e+00
  -1.1830000e+03   0.0000000e+00   0.0000000e+00
  -1.1820000e+03   0.0000000e+00   0.0000000e+00
  -1.1810000e+03   0.0000000e+00   0.0000000e+00
  -1.1800000e+03   0.0000000e+00   0.0000000e+00
  -1.1790000e+03   0.0000000e+00   0.0000000e+00
  -1.1780000e+03   0.0000000e+00   0.0000000e+00
  -1.1770000e+03   0.0000000e+00   0.0000000e+00
  -1.1760000e+03   0.0000000e+00   0.0000000e+00
  -1.1750000e+03   0.0000000e+00   0.0000000e+00
  -1.1740000e+03   0.0000000e+00   0.0000000e+00
  -1.1730000e+03   0.0000000e+00   0.0000000e+00
  -1.1720000e+03   0.0000000e+00   0.0000000e+00
  -1.1710000e+03   0.0000000e+00   0.0000000e+00
  -1.1700000e+03   0.0000000e+00   0.0000000e+00
  -1.1690000e+03   0.0000000e+00   0.0000000e+00
  -1.1680000e+03   0.0000000e+00   0.0000000e+00
  -1.1670000e+03   0.0000000e+00   0.0000000e+00
  -1.1660000e+03   0.0000000e+00   0.0000000e+00
  -1.1650000e+03   0.0000000e+00   0.0000000e+00
  -1.1640000e+03   0.0000000e+00   0.0000000e+00
  -1.1630000e+03   0.0000000e+00   0.0000000e+00
  -1.1620000e+03   0.0000000e+00   0.0000000e+00
  -1.1610000e+03   0.0000000e+00   0.0000000e+00
  -1.1600000e+03   0.0000000e+00   0.0000000e+00
  -1.1590000e+03   0.0000000e+00   0.0000000e+00
  -1.1580000e+03   0.0000000e+00   0.0000000e+00
  -1.1570000e+03   0.0000000e+00   0.0000000e+00
  -1.1560000e+03   0.0000000e+00   0.0000000e+00
  -1.1550000e+03   0.0000000e+00   0.0000000e+00
  -1.1540000e+03   0.0000000e+00   0.0000000e+00
  -1.1530000e+03   0.0000000e+00   0.0000000e+00
  -1.1520000e+03   0.0000000e+00   0.0000000e+00
  -1.1510000e+03   0.0000000e+00   0.0000000e+00
  -1.1500000e+03   0.0000000e+00   0.0000000e+00
  -1.1490000e+03   0.0000000e+00   0.0000000e+00
  -1.1480000e+03   0.0000000e+00   0.0000000e+00
  -1.1470000e+03   0.0000000e+00   0.0000000e+00
  -1.1460000e+03   0.0000000e+00   0.0000000e+00
  -1.1450000e+03   0.0000000e+00   0.0000000e+00
  -1.1440000e+03   0.0000000e+00   0.0000000e+00
  -1.1430000e+03   0.0000000e+00   0.0000000e+00
  -1.1420000e+03   0.0000000e+00   0.0000000e+00
  -1.1410000e+03   0.0000000e+00   0.0000000e+00
  -1.1400000e+03   0.0000000e+00   0.0000000e+00
  -1.1390000e+03   0.0000000e+00   0.0000000e+00
  -1.1380000e+03   0.0000000e+00   0.0000000e+00
  -1.1370000e+03   0.0000000e+00   0.0000000e+00
  -1.1360000e+03   0.0000000e+00   0.0000000e+00
  -1.1350000e+03   0.0000000e+00   0.0000000e+00
  -1.1340000e+03   0.0000000e+00   0.0000000e+00
  -1.1330000e+03   0.0000000e+00   0.0000000e+00
  -1.1320000e+03   0.0000000e+00   0.0000000e+00
  -1.1310000e+03   0.0000000e+00   0.0000000e+00
  -1.1300000e+03   0.0000000e+00   0.0000000e+00
  -1.1290000e+03   0.0000000e+00   0.0000000e+00
  -1.1280000e+03   0.0000000e+00   0.0000000e+00
  -1.1270000e+03   0.0000000e+00   0.0000000e+00
  -1.1260000e+03   0.0000000e+00   0.0000000e+00
  -1.1250000e+03   0.0000000e+00   0.0000000e+00
  -1.1240000e+03   0.0000000e+00   0.0000000e+00
  -1.1230000e+03   0.0000000e+00   0.0000000e+00
  -1.1220000e+03   0.0000000e+00   0.0000000e+00
  -1.1210000e+03   0.0000000e+00   0.0000000e+00
  -1.1200000e+03   0.0000000e+00   0.0000000e+00
  -1.1190000e+03   0.0000000e+00   0.0000000e+00
  -1.1180000e+03   0.0000000e+00   0.0000000e+00
  -1.1170000e+03   0.0000000e+00   0.0000000e+00
  -1.1160000e+03   0.0000000e+00   0.0000000e+00
  -1.1150000e+03   0.0000000e+00   0.0000000e+00
  -1.1140000e+03   0.0000000e+00   0.0000000e+00
  -1.1130000e+03   0.0000000e+00   0.0000000e+00
  -1.1120000e+03   0.0000000e+00   0.0000000e+00
  -1.1110000e+03   0.0000000e+00   0.0000000e+00
  -1.1100000e+03   0.0000000e+00   0.0000000e+00
  -1.1090000e+03   0.0000000e+00   0.0000000e+00
  -1.1080000e+03   0.0000000e+00   0.0000000e+00
  -1.1070000e+03   0.0000000e+00   0.0000000e+00
  -1.1060000e+03   0.0000000e+00   0.0000000e+00
  -1.1050000e+03   0.0000000e+00   0.0000000e+00
  -1.1040000e+03   0.0000000e+00   0.0000000e+00
  -1.1030000e+03   0.0000000e+00   0.0000000e+00
  -1.1020000e+03   0.0000000e+00   0.0000000e+00
  -1.1010000e+03   0.0000000e+00   0.0000000e+00
  -1.1000000e+03   6.7865800e-01   1.9368465e-01
  -1.0990000e+03   6.7841765e-01   1.9488153e-01
  -1.0980000e+03   6.7897189e-01   1.9458857e-01
  -1.0970000e+03   6.7665000e-01   1.9331966e-01
  -1.0960000e+03   6.7179347e-01   1.9419248e-01
  -1.0950000e+03   6.7409798e-01   1.8845234e-01
  -1.0940000e+03   6.6781253e-01   1.8958466e-01
  -1.0930000e+03   6.6519206e-01   1.8482668e-01
  -1.0920000e+03   6.6138422e-01   1.8294996e-01
  -1.0910000e+03   6.6249613e-01   1.8438044e-01
  -1.0900000e+03   6.6235781e-01   1.8550745e-01
  -1.0890000e+03   6.6274287e-01   1.8527443e-01
  -1.0880000e+03   6.6200360e-01   1.8699640e-01
  -1.0870000e+03   6.5909961e-01   1.8810617e-01
  -1.0860000e+03   6.6183388e-01   1.8648173e-01
  -1.0850000e+03   6.6009405e-01   1.8487482e-01
  -1.0840000e+03   6.6243020e-01   1.8172028e-01
  -1.0830000e+03   6.7157610e-01   1.7480864e-01
  -1.0820000e+03   6.6925156e-01   1.7735480e-01
  -1.0810000e+03   6.6477302e-01   1.8341992e-01
  -1.0800000e+03   6.5734964e-01   1.9028149e-01
  -1.0790000e+03   6.5446593e-01   1.9141140e-01
  -1.0780000e+03   6.5612398e-01   1.9390650e-01
  -1.0770000e+03   6.5466680e-01   1.9629829e-01
  -1.0760000e+03   6.5698547e-01   1.9733436e-01
  -1.0750000e+03   6.6512820e-01   1.9452905e-01
  -1.0740000e+03   6.6599876e-01   1.9250941e-01
  -1.0730000e+03   6.6346984e-01   1.9416135e-01
  -1.0720000e+03   6.7040188e-01   1.9710972e-01
  -1.0710000e+03   6.8434398e-01   1.7846828e-01
  -1.0700000e+03   6.8489489e-01   1.7584303e-01
  -1.0690000e+03   6.8784870e-01   1.7556579e-01
  -1.0680000e+03   6.8736519e-01   1.7835553e-01
  -1.0670000e+03   6.9111610e-01   1.7806249e-01
  -1.0660000e+03   6.9281030e-01   1.7646356e-01
  -1.0650000e+03   6.9228476e-01   1.7803077e-01
  -1.0640000e+03   6.9142777e-01   1.8164607e-01
  -1.0630000e+03   6.8896681e-01   1.8509091e-01
  -1.0620000e+03   6.8577866e-01   1.8714876e-01
  -1.0610000e+03   6.8556664e-01   1.9016696e-01
  -1.0600000e+03   6.8845638e-01   1.8769011e-01
  -1.0590000e+03   6.8693700e-01   1.8773179e-01
  -1.0580000e+03   6.8665161e-01   1.8840794e-01
  -1.0570000e+03   6.8506195e-01   1.8734438e-01
  -1.0560000e+03   6.8622545e-01   1.8361953e-01
  -1.0550000e+03   6.8135289e-01   1.7862927e-01
  -1.0540000e+03   6.8036280e-01   1.7858562e-01
  -1.0530000e+03   6.7316078e-01   1.7265477e-01
  -1.0520000e+03   6.6991505e-01   1.7213911e-01
  -1.0510000e+03   6.6883996e-01   1.7556352e-01
  -1.0500000e+03   6.6848808e-01   1.8136089e-01
  -1.0490000e+03   6.6720543e-01   1.8195215e-01
  -1.0480000e+03   6.6176583e-01   1.8279672e-01
  -1.0470000e+03   6.6132535e-01   1.8163135e-01
  -1.0460000e+03   6.6431945e-01   1.7976759e-01
  -1.0450000e+03   6.6606767e-01   1.7887692e-01
  -1.0440000e+03   6.7359826e-01   1.7082641e-01
  -1.0430000e+03   6.7957063e-01   1.6793768e-01
  -1.0420000e+03   6.8290265e-01   1.7211643e-01
  -1.0410000e+03   6.8694141e-01   1.7150946e-01
  -1.0400000e+03   6.8786607e-01   1.6900773e-01
  -1.0390000e+03   6.8556695e-01   1.6734339e-01
  -1.0380000e+03   6.8482588e-01   1.6282184e-01
  -1.0370000e+03   6.8826225e-01   1.6353262e-01
  -1.0360000e+03   6.8352957e-01   1.6631538e-01
  -1.0350000e+03   6.8545071e-01   1.6095140e-01
  -1.0340000e+03   6.8951752e-01   1.6381824e-01
  -1.0330000e+03   6.9372567e-01   1.6552023e-01
  -1.0320000e+03   6.9411909e-01   1.6581893e-01
  -1.0310000e+03   6.9465034e-01   1.6569988e-01
  -1.0300000e+03   6.9585100e-01   1.6723507e-01
  -1.0290000e+03   6.9521769e-01   1.6805332e-01
  -1.0280000e+03   6.9532236e-01   1.6937960e-01
  -1.0270000e+03   6.9495138e-01   1.6891550e-01
  -1.0260000e+03   6.9419758e-01   1.6576954e-01
  -1.0250000e+03   6.8967696e-01   1.7540287e-01
  -1.0240000e+03   6.8814174e-01   1.7837516e-01
  -1.0230000e+03   6.8620296e-01   1.7361239e-01
  -1.0220000e+03   6.8828329e-01   1.6834951e-01
  -1.0210000e+03   6.9270310e-01   1.6780101e-01
  -1.0200000e+03   6.9386033e-01   1.6691743e-01
  -1.0190000e+03   6.9423835e-01   1.6654692e-01
  -1.0180000e+03   6.9688336e-01   1.6624248e-01
  -1.0170000e+03   6.9459588e-01   1.6971265e-01
  -1.0160000e+03   6.9298328e-01   1.6578317e-01
  -1.0150000e+03   6.9350199e-01   1.6415789e-01
  -1.0140000e+03   6.9445366e-01   1.6046965e-01
  -1.0130000e+03   6.9608577e-01   1.6273824e-01
  -1.0120000e+03   6.9563131e-01   1.6303059e-01
  -1.0110000e+03   6.9333793e-01   1.6437229e-01
  -1.0100000e+03   6.9434132e-01   1.6359778e-01
  -1.0090000e+03   6.9668682e-01   1.6225113e-01
  -1.0080000e+03   6.9841185e-01   1.5882728e-01
  -1.0070000e+03   6.9433146e-01   1.6065705e-01
  -1.0060000e+03   6.9324419e-01   1.5360066e-01
  -1.0050000e+03   6.9413959e-01   1.4137249e-01
  -1.0040000e+03   6.9540987e-01   1.3852265e-01
  -1.0030000e+03   6.9900384e-01   1.3992029e-01
  -1.0020000e+03   6.9883893e-01   1.4482181e-01
  -1.0010000e+03   6.9994983e-01   1.4932501e-01
  -1.0000000e+03   7.0015295e-01   1.4889037e-01
  -9.9900000e+02   6.9670602e-01   1.4595249e-01
  -9.9800000e+02   6.9426458e-01   1.4507698e-01
  -9.9700000e+02   6.9589319e-01   1.4572737e-01
  -9.9600000e+02   6.9583222e-01   1.4706477e-01
  -9.9500000e+02   6.9450030e-01   1.4867065e-01
  -9.9400000e+02   6.9953472e-01   1.4794364e-01
  -9.9300000e+02   6.9756808e-01   1.4864532e-01
  -9.9200000e+02   6.9880265e-01   1.4425221e-01
  -9.9100000e+02   6.9931043e-01   1.4338354e-01
  -9.9000000e+02   6.9988323e-01   1.4333283e-01
  -9.8900000e+02   7.0076730e-01   1.4800397e-01
  -9.8800000e+02   7.0187984e-01   1.5190982e-01
  -9.8700000e+02   7.0498595e-01   1.5309076e-01
  -9.8600000e+02   7.0298712e-01   1.5172915e-01
  -9.8500000e+02   6.9987882e-01   1.5538393e-01
  -9.8400000e+02   7.0006182e-01   1.5491264e-01
  -9.8300000e+02   7.0303332e-01   1.4522505e-01
  -9.8200000e+02   7.0896845e-01   1.4172343e-01
  -9.8100000e+02   7.1625514e-01   1.3577575e-01
  -9.8000000e+02   7.1872627e-01   1.3134707e-01
  -9.7900000e+02   7.2907052e-01   1.2480279e-01
  -9.7800000e+02   7.2935443e-01   1.2293296e-01
  -9.7700000e+02   7.2614031e-01   1.2281709e-01
  -9.7600000e+02   7.2836986e-01   1.1869500e-01
  -9.7500000e+02   7.2894288e-01   1.2210915e-01
  -9.7400000e+02   7.2888425e-01   1.1968059e-01
  -9.7300000e+02   7.2660713e-01   1.1831390e-01
  -9.7200000e+02   7.2793161e-01   1.1788477e-01
  -9.7100000e+02   7.2866631e-01   1.1854531e-01
  -9.7000000e+02   7.2115007e-01   1.1524693e-01
  -9.6900000e+02   7.2601953e-01   1.1692140e-01
  -9.6800000e+02   7.2723355e-01   1.1740985e-01
  -9.6700000e+02   7.2542120e-01   1.1783537e-01
  -9.6600000e+02   7.2452047e-01   1.1526664e-01
  -9.6500000e+02   7.2478767e-01   1.1428551e-01
  -9.6400000e+02   7.2616052e-01   1.1527124e-01
  -9.6300000e+02   7.2553169e-01   1.1736840e-01
  -9.6200000e+02   7.2448517e-01   1.1551378e-01
  -9.6100000e+02   7.2224389e-01   1.1791445e-01
  -9.6000000e+02   7.2112749e-01   1.1966177e-01
  -9.5900000e+02   7.2302419e-01   1.1707213e-01
  -9.5800000e+02   7.2095028e-01   1.2125695e-01
  -9.5700000e+02   7.1800412e-01   1.2092051e-01
  -9.5600000e+02   7.1233900e-01   1.2571126e-01
  -9.5500000e+02   7.1590814e-01   1.2569873e-01
  -9.5400000e+02   7.1267985e-01   1.2989074e-01
  -9.5300000e+02   7.1438052e-01   1.3043143e-01
  -9.5200000e+02   7.1333225e-01   1.3147028e-01
  -9.5100000e+02   7.1818765e-01   1.3100193e-01
  -9.5000000e+02   7.1812851e-01   1.3247820e-01
  -9.4900000e+02   7.2101310e-01   1.3002473e-01
  -9.4800000e+02   7.2146073e-01   1.2787424e-01
  -9.4700000e+02   7.2135339e-01   1.2553337e-01
  -9.4600000e+02   7.2662916e-01   1.2328207e-01
  -9.4500000e+02   7.2571877e-01   1.2145663e-01
  -9.4400000e+02   7.2165282e-01   1.1744133e-01
  -9.4300000e+02   7.1853795e-01   1.1786720e-01
  -9.4200000e+02   7.2363401e-01   1.1638866e-01
  -9.4100000e+02   7.2519043e-01   1.1225705e-01
  -9.4000000e+02   7.2167757e-01   1.1341860e-01
  -9.3900000e+02   7.2078963e-01   1.1066973e-01
  -9.3800000e+02   7.1854805e-01   1.1341114e-01
  -9.3700000e+02   7.1767927e-01   1.1999394e-01
  -9.3600000e+02   7.1500616e-01   1.2065518e-01
  -9.3500000e+02   7.1475679e-01   1.1882885e-01
  -9.3400000e+02   7.1556509e-01   1.2268303e-01
  -9.3300000e+02   7.2043819e-01   1.2309312e-01
  -9.3200000e+02   7.1897051e-01   1.2453951e-01
  -9.3100000e+02   7.1968838e-01   1.2388839e-01
  -9.3000000e+02   7.1895478e-01   1.2336943e-01
  -9.2900000e+02   7.1955562e-01   1.2359782e-01
  -9.2800000e+02   7.0851243e-01   1.2940361e-01
  -9.2700000e+02   7.1342510e-01   1.2546627e-01
  -9.2600000e+02   7.1134846e-01   1.2757633e-01
  -9.2500000e+02   7.0724285e-01   1.2912366e-01
  -9.2400000e+02   7.0805621e-01   1.3156755e-01
  -9.2300000e+02   7.0167110e-01   1.3207595e-01
  -9.2200000e+02   6.9984229e-01   1.3232156e-01
  -9.2100000e+02   6.9539164e-01   1.3355886e-01
  -9.2000000e+02   6.9724315e-01   1.3666353e-01
  -9.1900000e+02   6.9644348e-01   1.4011314e-01
  -9.1800000e+02   7.0033579e-01   1.4171582e-01
  -9.1700000e+02   6.9972407e-01   1.4561101e-01
  -9.1600000e+02   6.9803748e-01   1.4838033e-01
  -9.1500000e+02   6.9638817e-01   1.5005851e-01
  -9.1400000e+02   6.9335084e-01   1.5109119e-01
  -9.1300000e+02   6.9158026e-01   1.5099746e-01
  -9.1200000e+02   6.9054663e-01   1.5061217e-01
  -9.1100000e+02   6.9248764e-01   1.4660181e-01
  -9.1000000e+02   6.9238402e-01   1.4495670e-01
  -9.0900000e+02   6.9107171e-01   1.4324542e-01
  -9.0800000e+02   6.8991090e-01   1.4414202e-01
  -9.0700000e+02   6.9414871e-01   1.4688111e-01
  -9.0600000e+02   6.9195542e-01   1.4981818e-01
  -9.0500000e+02   6.8704205e-01   1.5007648e-01
  -9.0400000e+02   6.8528163e-01   1.5109847e-01
  -9.0300000e+02   6.8689111e-01   1.5219864e-01
  -9.0200000e+02   6.8798624e-01   1.5376018e-01
  -9.0100000e+02   6.9003081e-01   1.5179521e-01
  -9.0000000e+02   6.9333136e-01   1.5068470e-01
  -8.9900000e+02   6.9277484e-01   1.5181641e-01
  -8.9800000e+02   6.9518264e-01   1.4923265e-01
  -8.9700000e+02   6.9727848e-01   1.4868948e-01
  -8.9600000e+02   6.9971506e-01   1.4776468e-01
  -8.9500000e+02   7.0118237e-01   1.4709976e-01
  -8.9400000e+02   7.0213174e-01   1.4351487e-01
  -8.9300000e+02   7.0165281e-01   1.4266958e-01
  -8.9200000e+02   7.0294574e-01   1.4483291e-01
  -8.9100000e+02   7.0489486e-01   1.4323371e-01
  -8.9000000e+02   7.0658279e-01   1.4148352e-01
  -8.8900000e+02   7.0801518e-01   1.4474534e-01
  -8.8800000e+02   7.1085532e-01   1.4130200e-01
  -8.8700000e+02   7.0838298e-01   1.4482549e-01
  -8.8600000e+02   7.1105811e-01   1.4299955e-01
  -8.8500000e+02   7.1274421e-01   1.4055994e-01
  -8.8400000e+02   7.0877049e-01   1.3911414e-01
  -8.8300000e+02   7.0469118e-01   1.3921086e-01
  -8.8200000e+02   6.9922641e-01   1.4601551e-01
  -8.8100000e+02   6.9352319e-01   1.5231634e-01
  -8.8000000e+02   6.8956827e-01   1.5090623e-01
  -8.7900000e+02   6.9195189e-01   1.5742154e-01
  -8.7800000e+02   6.9700810e-01   1.5854517e-01
  -8.7700000e+02   6.9747288e-01   1.5704780e-01
  -8.7600000e+02   6.9656454e-01   1.5751175e-01
  -8.7500000e+02   6.9998180e-01   1.5481895e-01
  -8.7400000e+02   7.0134025e-01   1.5460507e-01
  -8.7300000e+02   7.0206039e-01   1.4904109e-01
  -8.7200000e+02   7.0034590e-01   1.4441902e-01
  -8.7100000e+02   7.0208133e-01   1.3898393e-01
  -8.7000000e+02   6.9615176e-01   1.3651594e-01
  -8.6900000e+02   6.9059706e-01   1.4943683e-01
  -8.6800000e+02   6.9902149e-01   1.4738019e-01
  -8.6700000e+02   7.0148131e-01   1.4781108e-01
  -8.6600000e+02   7.0543423e-01   1.5065987e-01
  -8.6500000e+02   7.1051470e-01   1.5388084e-01
  -8.6400000e+02   7.1005427e-01   1.5639245e-01
  -8.6300000e+02   7.1164488e-01   1.5836884e-01
  -8.6200000e+02   7.1250103e-01   1.5709583e-01
  -8.6100000e+02   7.1813434e-01   1.5606723e-01
  -8.6000000e+02   7.1805800e-01   1.5526002e-01
  -8.5900000e+02   7.1909063e-01   1.5759930e-01
  -8.5800000e+02   7.1705048e-01   1.6040629e-01
  -8.5700000e+02   7.1729874e-01   1.5697883e-01
  -8.5600000e+02   7.1754208e-01   1.5634618e-01
  -8.5500000e+02   7.1913513e-01   1.5441451e-01
  -8.5400000e+02   7.2305623e-01   1.5104122e-01
  -8.5300000e+02   7.2321861e-01   1.5130539e-01
  -8.5200000e+02   7.2232979e-01   1.4939251e-01
  -8.5100000e+02   7.2425788e-01   1.5189086e-01
  -8.5000000e+02   7.2221523e-01   1.5538196e-01
  -8.4900000e+02   7.2652712e-01   1.5045278e-01
  -8.4800000e+02   7.2810944e-01   1.5205130e-01
  -8.4700000e+02   7.2794669e-01   1.5290503e-01
  -8.4600000e+02   7.2883185e-01   1.5319448e-01
  -8.4500000e+02   7.2723100e-01   1.5550130e-01
  -8.4400000e+02   7.2665748e-01   1.5544276e-01
  -8.4300000e+02   7.2600135e-01   1.5579397e-01
  -8.4200000e+02   7.2236699e-01   1.5782853e-01
  -8.4100000e+02   7.2368558e-01   1.5646168e-01
  -8.4000000e+02   7.2073079e-01   1.5571065e-01
  -8.3900000e+02   7.1434045e-01   1.5385877e-01
  -8.3800000e+02   7.1457737e-01   1.5638550e-01
  -8.3700000e+02   7.1546887e-01   1.5518840e-01
  -8.3600000e+02   7.1781497e-01   1.5705996e-01
  -8.3500000e+02   7.1821436e-01   1.5542419e-01
  -8.3400000e+02   7.2012468e-01   1.5542573e-01
  -8.3300000e+02   7.2204548e-01   1.5697519e-01
  -8.3200000e+02   7.2684670e-01   1.5826252e-01
  -8.3100000e+02   7.2813589e-01   1.6000190e-01
  -8.3000000e+02   7.2891721e-01   1.6258337e-01
  -8.2900000e+02   7.2712513e-01   1.6554515e-01
  -8.2800000e+02   7.2767660e-01   1.6391456e-01
  -8.2700000e+02   7.3122388e-01   1.6218119e-01
  -8.2600000e+02   7.3905073e-01   1.4964251e-01
  -8.2500000e+02   7.3690195e-01   1.4788483e-01
  -8.2400000e+02   7.4175965e-01   1.4278191e-01
  -8.2300000e+02   7.4597337e-01   1.3829090e-01
  -8.2200000e+02   7.5197894e-01   1.3808281e-01
  -8.2100000e+02   7.5045415e-01   1.3794931e-01
  -8.2000000e+02   7.5116623e-01   1.3647367e-01
  -8.1900000e+02   7.5232913e-01   1.3353070e-01
  -8.1800000e+02   7.5240109e-01   1.3040717e-01
  -8.1700000e+02   7.5285641e-01   1.3161326e-01
  -8.1600000e+02   7.5178304e-01   1.3339918e-01
  -8.1500000e+02   7.4845012e-01   1.3494173e-01
  -8.1400000e+02   7.5020299e-01   1.3469611e-01
  -8.1300000e+02   7.4759703e-01   1.3448720e-01
  -8.1200000e+02   7.4500942e-01   1.3694229e-01
  -8.1100000e+02   7.4276968e-01   1.3822277e-01
  -8.1000000e+02   7.4096049e-01   1.3726326e-01
  -8.0900000e+02   7.3234787e-01   1.3766271e-01
  -8.0800000e+02   7.3420481e-01   1.3438977e-01
  -8.0700000e+02   7.3470829e-01   1.2938438e-01
  -8.0600000e+02   7.3405583e-01   1.2759106e-01
  -8.0500000e+02   7.3290908e-01   1.2985712e-01
  -8.0400000e+02   7.3450547e-01   1.3314920e-01
  -8.0300000e+02   7.3633064e-01   1.3060894e-01
  -8.0200000e+02   7.3861986e-01   1.2965995e-01
  -8.0100000e+02   7.3797530e-01   1.2942148e-01
  -8.0000000e+02   7.2734285e-01   1.5422001e-01
  -7.9900000e+02   7.2796585e-01   1.5084794e-01
  -7.9800000e+02   7.2707829e-01   1.5199505e-01
  -7.9700000e+02   7.2204404e-01   1.5546134e-01
  -7.9600000e+02   7.2059120e-01   1.5105655e-01
  -7.9500000e+02   7.1925554e-01   1.4858416e-01
  -7.9400000e+02   7.2031353e-01   1.4877907e-01
  -7.9300000e+02   7.2073369e-01   1.5236037e-01
  -7.9200000e+02   7.1770689e-01   1.4666941e-01
  -7.9100000e+02   7.0989608e-01   1.4723495e-01
  -7.9000000e+02   6.9680687e-01   1.5527486e-01
  -7.8900000e+02   6.9390518e-01   1.6120399e-01
  -7.8800000e+02   6.9303440e-01   1.6895038e-01
  -7.8700000e+02   6.8601687e-01   1.7340419e-01
  -7.8600000e+02   6.9180132e-01   1.6834236e-01
  -7.8500000e+02   6.8568435e-01   1.6581323e-01
  -7.8400000e+02   6.8957692e-01   1.6685943e-01
  -7.8300000e+02   6.8782938e-01   1.7210843e-01
  -7.8200000e+02   6.9295648e-01   1.7033972e-01
  -7.8100000e+02   6.9450617e-01   1.6604832e-01
  -7.8000000e+02   6.9730004e-01   1.6307176e-01
  -7.7900000e+02   6.9825913e-01   1.6519787e-01
  -7.7800000e+02   6.9597125e-01   1.6926409e-01
  -7.7700000e+02   6.9636589e-01   1.7020411e-01
  -7.7600000e+02   6.9171738e-01   1.7024712e-01
  -7.7500000e+02   6.8396815e-01   1.7190447e-01
  -7.7400000e+02   6.8029133e-01   1.7454522e-01
  -7.7300000e+02   6.8378183e-01   1.7711235e-01
  -7.7200000e+02   6.8385448e-01   1.7909307e-01
  -7.7100000e+02   6.8366426e-01   1.7795399e-01
  -7.7000000e+02   6.8255257e-01   1.8016050e-01
  -7.6900000e+02   6.8485054e-01   1.7808333e-01
  -7.6800000e+02   6.8079277e-01   1.7781357e-01
  -7.6700000e+02   6.7764122e-01   1.7654029e-01
  -7.6600000e+02   6.7890890e-01   1.8054945e-01
  -7.6500000e+02   6.8273215e-01   1.8204342e-01
  -7.6400000e+02   6.8608532e-01   1.8420293e-01
  -7.6300000e+02   6.8529067e-01   1.8573131e-01
  -7.6200000e+02   6.8288485e-01   1.8614892e-01
  -7.6100000e+02   6.8163382e-01   1.8971271e-01
  -7.6000000e+02   6.8561609e-01   1.8887748e-01
  -7.5900000e+02   6.8560295e-01   1.8676204e-01
  -7.5800000e+02   6.8292667e-01   1.8563739e-01
  -7.5700000e+02   6.8546345e-01   1.8371568e-01
  -7.5600000e+02   6.8415924e-01   1.8237384e-01
  -7.5500000e+02   6.8225758e-01   1.8338409e-01
  -7.5400000e+02   6.8229405e-01   1.8495935e-01
  -7.5300000e+02   6.8326249e-01   1.8553636e-01
  -7.5200000e+02   6.8533182e-01   1.8375460e-01
  -7.5100000e+02   6.8252923e-01   1.8307550e-01
  -7.5000000e+02   6.7977260e-01   1.8528801e-01
  -7.4900000e+02   6.7844513e-01   1.8301181e-01
  -7.4800000e+02   6.7670872e-01   1.8419971e-01
  -7.4700000e+02   6.7619774e-01   1.8567508e-01
  -7.4600000e+02   6.7839668e-01   1.8601316e-01
  -7.4500000e+02   6.7609202e-01   1.8855138e-01
  -7.4400000e+02   6.8107878e-01   1.8589048e-01
  -7.4300000e+02   6.8016838e-01   1.8463179e-01
  -7.4200000e+02   6.8429576e-01   1.8251255e-01
  -7.4100000e+02   6.8254360e-01   1.8093274e-01
  -7.4000000e+02   6.8239630e-01   1.8333532e-01
  -7.3900000e+02   6.8485998e-01   1.8401823e-01
  -7.3800000e+02   6.8621208e-01   1.8295967e-01
  -7.3700000e+02   6.8304275e-01   1.8304075e-01
  -7.3600000e+02   6.8204191e-01   1.8075024e-01
  -7.3500000e+02   6.8102326e-01   1.7641887e-01
  -7.3400000e+02   6.8065699e-01   1.7583330e-01
  -7.3300000e+02   6.8161360e-01   1.7493747e-01
  -7.3200000e+02   6.8002032e-01   1.7693226e-01
  -7.3100000e+02   6.8169681e-01   1.7618304e-01
  -7.3000000e+02   6.6243498e-01   1.9491281e-01
  -7.2900000e+02   6.6355139e-01   1.9049062e-01
  -7.2800000e+02   6.6206558e-01   1.9311972e-01
  -7.2700000e+02   6.6058682e-01   1.9342195e-01
  -7.2600000e+02   6.5372195e-01   1.9201239e-01
  -7.2500000e+02   6.5488794e-01   1.9046868e-01
  -7.2400000e+02   6.5805392e-01   1.9013678e-01
  -7.2300000e+02   6.5866105e-01   1.8962829e-01
  -7.2200000e+02   6.6429362e-01   1.9485084e-01
  -7.2100000e+02   6.7148577e-01   1.9578142e-01
  -7.2000000e+02   6.7228938e-01   1.9699998e-01
  -7.1900000e+02   6.7489054e-01   1.9932905e-01
  -7.1800000e+02   6.7542505e-01   1.9994624e-01
  -7.1700000e+02   6.7199764e-01   2.0559827e-01
  -7.1600000e+02   6.7761564e-01   2.0101466e-01
  -7.1500000e+02   6.7482659e-01   2.0202125e-01
  -7.1400000e+02   6.7261049e-01   2.0123642e-01
  -7.1300000e+02   6.7840692e-01   1.9423151e-01
  -7.1200000e+02   6.7994637e-01   1.9344177e-01
  -7.1100000e+02   6.7910974e-01   1.9304666e-01
  -7.1000000e+02   6.7585207e-01   1.9145688e-01
  -7.0900000e+02   6.7446518e-01   1.9379975e-01
  -7.0800000e+02   6.8101383e-01   1.8884917e-01
  -7.0700000e+02   6.8386873e-01   1.8450690e-01
  -7.0600000e+02   6.8557481e-01   1.8535822e-01
  -7.0500000e+02   6.8392723e-01   1.8251732e-01
  -7.0400000e+02   6.8679342e-01   1.7636504e-01
  -7.0300000e+02   6.8636545e-01   1.7617390e-01
  -7.0200000e+02   6.8163059e-01   1.7533872e-01
  -7.0100000e+02   6.7901365e-01   1.7045408e-01
  -7.0000000e+02   6.7840979e-01   1.7043881e-01
  -6.9900000e+02   6.9286603e-01   1.5647550e-01
  -6.9800000e+02   7.0255808e-01   1.6472968e-01
  -6.9700000e+02   7.0710715e-01   1.7108192e-01
  -6.9600000e+02   7.1069780e-01   1.7448274e-01
  -6.9500000e+02   7.1139625e-01   1.7581345e-01
  -6.9400000e+02   7.1548128e-01   1.7671579e-01
  -6.9300000e+02   7.1558580e-01   1.7792553e-01
  -6.9200000e+02   7.1547125e-01   1.7920311e-01
  -6.9100000e+02   7.2093268e-01   1.7269695e-01
  -6.9000000e+02   7.2317012e-01   1.7021988e-01
  -6.8900000e+02   7.1860634e-01   1.7405075e-01
  -6.8800000e+02   7.2533974e-01   1.7026778e-01
  -6.8700000e+02   7.2265766e-01   1.7567752e-01
  -6.8600000e+02   7.2632656e-01   1.7720842e-01
  -6.8500000e+02   7.2329610e-01   1.8162649e-01
  -6.8400000e+02   7.2654776e-01   1.7938887e-01
  -6.8300000e+02   7.2282943e-01   1.7872026e-01
  -6.8200000e+02   7.1776126e-01   1.8160011e-01
  -6.8100000e+02   7.1509167e-01   1.8072268e-01
  -6.8000000e+02   7.1486639e-01   1.7882942e-01
  -6.7900000e+02   7.1458035e-01   1.8102941e-01
  -6.7800000e+02   7.1283676e-01   1.8219692e-01
  -6.7700000e+02   7.1289060e-01   1.8597840e-01
  -6.7600000e+02   7.1674671e-01   1.8507193e-01
  -6.7500000e+02   7.2043155e-01   1.8212092e-01
  -6.7400000e+02   7.2164261e-01   1.8064584e-01
  -6.7300000e+02   7.1914594e-01   1.8149687e-01
  -6.7200000e+02   7.2282218e-01   1.8009642e-01
  -6.7100000e+02   7.2512193e-01   1.7938182e-01
  -6.7000000e+02   7.2705239e-01   1.8033540e-01
  -6.6900000e+02   7.2534593e-01   1.7945902e-01
  -6.6800000e+02   7.2517707e-01   1.7922436e-01
  -6.6700000e+02   7.2063237e-01   1.8413931e-01
  -6.6600000e+02   7.2153659e-01   1.8289842e-01
  -6.6500000e+02   7.1927299e-01   1.8344848e-01
  -6.6400000e+02   7.1467540e-01   1.8621178e-01
  -6.6300000e+02   7.1104823e-01   1.8367961e-01
  -6.6200000e+02   7.1257337e-01   1.8465695e-01
  -6.6100000e+02   7.1266331e-01   1.8040806e-01
  -6.6000000e+02   7.1351022e-01   1.7512789e-01
  -6.5900000e+02   7.1224941e-01   1.7594905e-01
  -6.5800000e+02   7.1126225e-01   1.7637429e-01
  -6.5700000e+02   7.0982692e-01   1.7405618e-01
  -6.5600000e+02   7.1011476e-01   1.7413652e-01
  -6.5500000e+02   7.1033151e-01   1.7558330e-01
  -6.5400000e+02   7.0880330e-01   1.7944319e-01
  -6.5300000e+02   7.0486563e-01   1.8046806e-01
  -6.5200000e+02   7.0517595e-01   1.8101398e-01
  -6.5100000e+02   7.0566924e-01   1.8167020e-01
  -6.5000000e+02   7.1103827e-01   1.8153216e-01
  -6.4900000e+02   7.1073908e-01   1.8230205e-01
  -6.4800000e+02   7.1276160e-01   1.8139253e-01
  -6.4700000e+02   7.1430500e-01   1.8104428e-01
  -6.4600000e+02   7.1543719e-01   1.8123682e-01
  -6.4500000e+02   7.1663180e-01   1.8128702e-01
  -6.4400000e+02   7.1404753e-01   1.8282110e-01
  -6.4300000e+02   7.1279612e-01   1.8416137e-01
  -6.4200000e+02   7.1595175e-01   1.8378005e-01
  -6.4100000e+02   7.1936885e-01   1.7948998e-01
  -6.4000000e+02   7.2125176e-01   1.7498791e-01
  -6.3900000e+02   7.2475493e-01   1.6932080e-01
  -6.3800000e+02   7.2769125e-01   1.6587883e-01
  -6.3700000e+02   7.2493549e-01   1.6632640e-01
  -6.3600000e+02   7.2470232e-01   1.6887008e-01
  -6.3500000e+02   7.2371108e-01   1.7114904e-01
  -6.3400000e+02   7.2405334e-01   1.6889174e-01
  -6.3300000e+02   7.2439764e-01   1.6713274e-01
  -6.3200000e+02   7.2515423e-01   1.6597171e-01
  -6.3100000e+02   7.2225605e-01   1.6681330e-01
  -6.3000000e+02   7.2010137e-01   1.6147554e-01
  -6.2900000e+02   7.3928930e-01   1.3432795e-01
  -6.2800000e+02   7.4214677e-01   1.3587319e-01
  -6.2700000e+02   7.4429296e-01   1.3768363e-01
  -6.2600000e+02   7.4758924e-01   1.3622046e-01
  -6.2500000e+02   7.4681050e-01   1.3853836e-01
  -6.2400000e+02   7.4585466e-01   1.3878223e-01
  -6.2300000e+02   7.4426254e-01   1.3924294e-01
  -6.2200000e+02   7.4241998e-01   1.4071694e-01
  -6.2100000e+02   7.4335410e-01   1.4114527e-01
  -6.2000000e+02   7.4219814e-01   1.4507471e-01
  -6.1900000e+02   7.4511059e-01   1.4303442e-01
  -6.1800000e+02   7.4437126e-01   1.4279743e-01
  -6.1700000e+02   7.4279105e-01   1.4420931e-01
  -6.1600000e+02   7.4329020e-01   1.4650109e-01
  -6.1500000e+02   7.4332401e-01   1.4368090e-01
  -6.1400000e+02   7.4342609e-01   1.4434594e-01
  -6.1300000e+02   7.4472198e-01   1.4571124e-01
  -6.1200000e+02   7.4305173e-01   1.4945495e-01
  -6.1100000e+02   7.4137532e-01   1.5040873e-01
  -6.1000000e+02   7.3742105e-01   1.4987432e-01
  -6.0900000e+02   7.3654699e-01   1.5086718e-01
  -6.0800000e+02   7.3618267e-01   1.4989920e-01
  -6.0700000e+02   7.3913424e-01   1.4982979e-01
  -6.0600000e+02   7.3961262e-01   1.5096387e-01
  -6.0500000e+02   7.3843138e-01   1.5039476e-01
  -6.0400000e+02   7.3951752e-01   1.4848931e-01
  -6.0300000e+02   7.3939384e-01   1.4680095e-01
  -6.0200000e+02   7.3542178e-01   1.4844415e-01
  -6.0100000e+02   7.3542551e-01   1.4355854e-01
  -6.0000000e+02   7.3187549e-01   1.4070213e-01
  -5.9900000e+02   7.2125347e-01   1.3794717e-01
  -5.9800000e+02   7.1633434e-01   1.4458288e-01
  -5.9700000e+02   7.1822375e-01   1.4826359e-01
  -5.9600000e+02   7.2056124e-01   1.5737137e-01
  -5.9500000e+02   7.1947774e-01   1.6115370e-01
  -5.9400000e+02   7.2256594e-01   1.6216794e-01
  -5.9300000e+02   7.1751643e-01   1.6643430e-01
  -5.9200000e+02   7.1657323e-01   1.6846783e-01
  -5.9100000e+02   7.1481702e-01   1.6830949e-01
  -5.9000000e+02   7.1349202e-01   1.6838836e-01
  -5.8900000e+02   7.1228090e-01   1.7215479e-01
  -5.8800000e+02   7.1875677e-01   1.6732677e-01
  -5.8700000e+02   7.1957143e-01   1.6933130e-01
  -5.8600000e+02   7.2184475e-01   1.6935654e-01
  -5.8500000e+02   7.1046612e-01   1.7721024e-01
  -5.8400000e+02   7.1119189e-01   1.7698839e-01
  -5.8300000e+02   7.1086883e-01   1.7583462e-01
  -5.8200000e+02   7.1407526e-01   1.7335587e-01
  -5.8100000e+02   7.1802431e-01   1.7327431e-01
  -5.8000000e+02   7.1787865e-01   1.7440367e-01
  -5.7900000e+02   7.1635338e-01   1.7248127e-01
  -5.7800000e+02   7.1435432e-01   1.6320907e-01
  -5.7700000e+02   7.1457321e-01   1.6181614e-01
  -5.7600000e+02   7.1235424e-01   1.6506398e-01
  -5.7500000e+02   7.1785321e-01   1.6544381e-01
  -5.7400000e+02   7.1991976e-01   1.6365430e-01
  -5.7300000e+02   7.1650236e-01   1.6633084e-01
  -5.7200000e+02   7.1382283e-01   1.6703145e-01
  -5.7100000e+02   7.1748497e-01   1.6992810e-01
  -5.7000000e+02   7.1787772e-01   1.7229922e-01
  -5.6900000e+02   7.1880397e-01   1.7070891e-01
  -5.6800000e+02   7.1865829e-01   1.6963730e-01
  -5.6700000e+02   7.2429809e-01   1.6854014e-01
  -5.6600000e+02   7.2646475e-01   1.6931067e-01
  -5.6500000e+02   7.2470956e-01   1.6605371e-01
  -5.6400000e+02   7.2474799e-01   1.6727932e-01
  -5.6300000e+02   7.2673722e-01   1.6050922e-01
  -5.6200000e+02   7.2937393e-01   1.6002251e-01
  -5.6100000e+02   7.2908877e-01   1.6348817e-01
  -5.6000000e+02   7.3055209e-01   1.6371774e-01
  -5.5900000e+02   7.3339386e-01   1.6653406e-01
  -5.5800000e+02   7.3701762e-01   1.6749195e-01
  -5.5700000e+02   7.3698120e-01   1.6857466e-01
  -5.5600000e+02   7.3443606e-01   1.6909763e-01
  -5.5500000e+02   7.3604676e-01   1.6730219e-01
  -5.5400000e+02   7.3989080e-01   1.6582180e-01
  -5.5300000e+02   7.3771405e-01   1.6335513e-01
  -5.5200000e+02   7.4157840e-01   1.5908927e-01
  -5.5100000e+02   7.3607540e-01   1.6061983e-01
  -5.5000000e+02   7.3855227e-01   1.5869219e-01
  -5.4900000e+02   7.3812533e-01   1.5796867e-01
  -5.4800000e+02   7.3644212e-01   1.5851239e-01
  -5.4700000e+02   7.3269087e-01   1.5707850e-01
  -5.4600000e+02   7.3239313e-01   1.5581455e-01
  -5.4500000e+02   7.3106776e-01   1.5717316e-01
  -5.4400000e+02   7.3341231e-01   1.5380018e-01
  -5.4300000e+02   7.2973870e-01   1.5852033e-01
  -5.4200000e+02   7.3116109e-01   1.5816927e-01
  -5.4100000e+02   7.2891009e-01   1.5929062e-01
  -5.4000000e+02   7.2895975e-01   1.5826536e-01
  -5.3900000e+02   7.3151096e-01   1.5660778e-01
  -5.3800000e+02   7.3324624e-01   1.5672408e-01
  -5.3700000e+02   7.3282490e-01   1.5850247e-01
  -5.3600000e+02   7.3170978e-01   1.6000665e-01
  -5.3500000e+02   7.3397675e-01   1.5775116e-01
  -5.3400000e+02   7.3171886e-01   1.5900244e-01
  -5.3300000e+02   7.3112131e-01   1.5983422e-01
  -5.3200000e+02   7.3339822e-01   1.5041928e-01
  -5.3100000e+02   7.2957189e-01   1.4747120e-01
  -5.3000000e+02   7.3410451e-01   1.4576255e-01
  -5.2900000e+02   7.3444683e-01   1.4848058e-01
  -5.2800000e+02   7.3300398e-01   1.4771657e-01
  -5.2700000e+02   7.3099855e-01   1.4808075e-01
  -5.2600000e+02   7.3218747e-01   1.4903486e-01
  -5.2500000e+02   7.2904810e-01   1.5009879e-01
  -5.2400000e+02   7.2584100e-01   1.5786748e-01
  -5.2300000e+02   7.2228483e-01   1.6372256e-01
  -5.2200000e+02   7.1686504e-01   1.7560676e-01
  -5.2100000e+02   7.1809503e-01   1.7341128e-01
  -5.2000000e+02   7.1569982e-01   1.7751955e-01
  -5.1900000e+02   7.1808337e-01   1.7036617e-01
  -5.1800000e+02   7.1608290e-01   1.7052744e-01
  -5.1700000e+02   7.1555160e-01   1.7061313e-01
  -5.1600000e+02   7.1895397e-01   1.7249764e-01
  -5.1500000e+02   7.1970227e-01   1.7016725e-01
  -5.1400000e+02   7.1608108e-01   1.7036425e-01
  -5.1300000e+02   7.1377603e-01   1.7147353e-01
  -5.1200000e+02   7.1826028e-01   1.6764668e-01
  -5.1100000e+02   7.2063990e-01   1.6543300e-01
  -5.1000000e+02   7.2703020e-01   1.6634177e-01
  -5.0900000e+02   7.3083191e-01   1.6426809e-01
  -5.0800000e+02   7.3339111e-01   1.6316025e-01
  -5.0700000e+02   7.3169440e-01   1.6348749e-01
  -5.0600000e+02   7.3546604e-01   1.6387693e-01
  -5.0500000e+02   7.3736270e-01   1.6260577e-01
  -5.0400000e+02   7.3927692e-01   1.6005924e-01
  -5.0300000e+02   7.3777267e-01   1.6167064e-01
  -5.0200000e+02   7.4020975e-01   1.5582778e-01
  -5.0100000e+02   7.4436992e-01   1.5317797e-01
  -5.0000000e+02   7.4345212e-01   1.5683137e-01
  -4.9900000e+02   7.4795960e-01   1.4962203e-01
  -4.9800000e+02   7.4872538e-01   1.4687027e-01
  -4.9700000e+02   7.4694101e-01   1.4600914e-01
  -4.9600000e+02   7.4429095e-01   1.4747274e-01
  -4.9500000e+02   7.4290261e-01   1.4925863e-01
  -4.9400000e+02   7.4571762e-01   1.4872781e-01
  -4.9300000e+02   7.4356326e-01   1.4856647e-01
  -4.9200000e+02   7.4555716e-01   1.4729756e-01
  -4.9100000e+02   7.4851348e-01   1.4665944e-01
  -4.9000000e+02   7.4730636e-01   1.4481862e-01
  -4.8900000e+02   7.4675123e-01   1.3987095e-01
  -4.8800000e+02   7.4547089e-01   1.3958682e-01
  -4.8700000e+02   7.4589642e-01   1.4152775e-01
  -4.8600000e+02   7.4642112e-01   1.4152429e-01
  -4.8500000e+02   7.4547795e-01   1.4403004e-01
  -4.8400000e+02   7.5628083e-01   1.3009856e-01
  -4.8300000e+02   7.5560082e-01   1.3246902e-01
  -4.8200000e+02   7.5470035e-01   1.3741442e-01
  -4.8100000e+02   7.5773766e-01   1.3920028e-01
  -4.8000000e+02   7.6206778e-01   1.3871551e-01
  -4.7900000e+02   7.5976147e-01   1.4038860e-01
  -4.7800000e+02   7.5828429e-01   1.4035814e-01
  -4.7700000e+02   7.5445096e-01   1.3892005e-01
  -4.7600000e+02   7.5005818e-01   1.3721719e-01
  -4.7500000e+02   7.4578207e-01   1.4462594e-01
  -4.7400000e+02   7.4897233e-01   1.4215891e-01
  -4.7300000e+02   7.5343724e-01   1.4460458e-01
  -4.7200000e+02   7.5402585e-01   1.4330932e-01
  -4.7100000e+02   7.5456705e-01   1.4588221e-01
  -4.7000000e+02   7.5691208e-01   1.4259147e-01
  -4.6900000e+02   7.5521791e-01   1.4240782e-01
  -4.6800000e+02   7.5321698e-01   1.4231049e-01
  -4.6700000e+02   7.5296436e-01   1.4422622e-01
  -4.6600000e+02   7.4994555e-01   1.4415860e-01
  -4.6500000e+02   7.4948132e-01   1.4610500e-01
  -4.6400000e+02   7.5347421e-01   1.4720055e-01
  -4.6300000e+02   7.4682321e-01   1.5645890e-01
  -4.6200000e+02   7.5304636e-01   1.4810087e-01
  -4.6100000e+02   7.5026315e-01   1.4678805e-01
  -4.6000000e+02   7.4376689e-01   1.5175272e-01
  -4.5900000e+02   7.4391845e-01   1.5145983e-01
  -4.5800000e+02   7.4394702e-01   1.5528276e-01
  -4.5700000e+02   7.5046702e-01   1.5163389e-01
  -4.5600000e+02   7.5021955e-01   1.5359487e-01
  -4.5500000e+02   7.4980992e-01   1.5496083e-01
  -4.5400000e+02   7.4943374e-01   1.5772586e-01
  -4.5300000e+02   7.4620449e-01   1.6214099e-01
  -4.5200000e+02   7.4658424e-01   1.6523347e-01
  -4.5100000e+02   7.4484046e-01   1.7002417e-01
  -4.5000000e+02   7.4315316e-01   1.7309339e-01
  -4.4900000e+02   7.4085016e-01   1.7686849e-01
  -4.4800000e+02   7.4171521e-01   1.7776736e-01
  -4.4700000e+02   7.3872348e-01   1.7886728e-01
  -4.4600000e+02   7.3922844e-01   1.8081385e-01
  -4.4500000e+02   7.4104662e-01   1.7816591e-01
  -4.4400000e+02   7.4086509e-01   1.7709241e-01
  -4.4300000e+02   7.3852376e-01   1.8141312e-01
  -4.4200000e+02   7.4211712e-01   1.6849863e-01
  -4.4100000e+02   7.3446977e-01   1.7042255e-01
  -4.4000000e+02   7.3182946e-01   1.7236319e-01
  -4.3900000e+02   7.2999678e-01   1.7607712e-01
  -4.3800000e+02   7.2156993e-01   1.8373072e-01
  -4.3700000e+02   7.1906239e-01   1.8884358e-01
  -4.3600000e+02   7.1510060e-01   1.9176027e-01
  -4.3500000e+02   7.1539539e-01   1.9755146e-01
  -4.3400000e+02   7.1827888e-01   1.9683914e-01
  -4.3300000e+02   7.2447261e-01   1.9631918e-01
  -4.3200000e+02   7.2588877e-01   1.9477922e-01
  -4.3100000e+02   7.2774323e-01   1.8502081e-01
  -4.3000000e+02   7.2997787e-01   1.8728880e-01
  -4.2900000e+02   7.3413441e-01   1.8607741e-01
  -4.2800000e+02   7.3558920e-01   1.8737745e-01
  -4.2700000e+02   7.2942353e-01   1.9757776e-01
  -4.2600000e+02   7.2840763e-01   1.9955993e-01
  -4.2500000e+02   7.2492479e-01   2.0368612e-01
  -4.2400000e+02   7.2579977e-01   2.0288584e-01
  -4.2300000e+02   7.2436862e-01   2.0076696e-01
  -4.2200000e+02   7.2495265e-01   2.0000318e-01
  -4.2100000e+02   7.2817941e-01   1.9592187e-01
  -4.2000000e+02   7.2939214e-01   1.9547213e-01
  -4.1900000e+02   7.2987406e-01   1.9171235e-01
  -4.1800000e+02   7.3245115e-01   1.8785909e-01
  -4.1700000e+02   7.3323467e-01   1.8436982e-01
  -4.1600000e+02   7.3306756e-01   1.8627693e-01
  -4.1500000e+02   7.3428092e-01   1.8740703e-01
  -4.1400000e+02   7.3459555e-01   1.8678143e-01
  -4.1300000e+02   7.3186460e-01   1.8838700e-01
  -4.1200000e+02   7.3167575e-01   1.9090118e-01
  -4.1100000e+02   7.2981674e-01   1.9181341e-01
  -4.1000000e+02   7.2740063e-01   1.9381477e-01
  -4.0900000e+02   7.2568857e-01   1.9644910e-01
  -4.0800000e+02   7.3000315e-01   1.9025608e-01
  -4.0700000e+02   7.3242126e-01   1.8357922e-01
  -4.0600000e+02   7.3014942e-01   1.8917636e-01
  -4.0500000e+02   7.2603234e-01   1.9408556e-01
  -4.0400000e+02   7.2449661e-01   1.9742279e-01
  -4.0300000e+02   7.2426827e-01   1.9571707e-01
  -4.0200000e+02   7.2437962e-01   1.9439289e-01
  -4.0100000e+02   7.2195408e-01   1.9362043e-01
  -4.0000000e+02   7.2351216e-01   1.9136994e-01
  -3.9900000e+02   7.2776174e-01   1.8615723e-01
  -3.9800000e+02   7.3014770e-01   1.8466940e-01
  -3.9700000e+02   7.3353588e-01   1.8413516e-01
  -3.9600000e+02   7.3742627e-01   1.7561933e-01
  -3.9500000e+02   7.4091423e-01   1.7219189e-01
  -3.9400000e+02   7.4194593e-01   1.7037375e-01
  -3.9300000e+02   7.3805030e-01   1.7060598e-01
  -3.9200000e+02   7.3846782e-01   1.7232345e-01
  -3.9100000e+02   7.3658378e-01   1.7103710e-01
  -3.9000000e+02   7.3362393e-01   1.6977179e-01
  -3.8900000e+02   7.3928734e-01   1.7063971e-01
  -3.8800000e+02   7.3943176e-01   1.6944902e-01
  -3.8700000e+02   7.3930556e-01   1.6681011e-01
  -3.8600000e+02   7.3672033e-01   1.6611150e-01
  -3.8500000e+02   7.3284383e-01   1.6324120e-01
  -3.8400000e+02   7.2862508e-01   1.6034662e-01
  -3.8300000e+02   7.3122080e-01   1.5966973e-01
  -3.8200000e+02   7.2913715e-01   1.6200398e-01
  -3.8100000e+02   7.2868391e-01   1.6542293e-01
  -3.8000000e+02   7.2886247e-01   1.6822607e-01
  -3.7900000e+02   7.2983480e-01   1.7042982e-01
  -3.7800000e+02   7.2731465e-01   1.7194744e-01
  -3.7700000e+02   7.2863550e-01   1.7035935e-01
  -3.7600000e+02   7.2536977e-01   1.7005125e-01
  -3.7500000e+02   7.2510575e-01   1.6680007e-01
  -3.7400000e+02   7.2101763e-01   1.6704203e-01
  -3.7300000e+02   7.1859637e-01   1.7270118e-01
  -3.7200000e+02   7.2163549e-01   1.7082468e-01
  -3.7100000e+02   7.2175529e-01   1.7216533e-01
  -3.7000000e+02   7.2005508e-01   1.7019289e-01
  -3.6900000e+02   7.1955990e-01   1.7048790e-01
  -3.6800000e+02   7.2157344e-01   1.6698608e-01
  -3.6700000e+02   7.2147782e-01   1.6547427e-01
  -3.6600000e+02   7.2178857e-01   1.6331878e-01
  -3.6500000e+02   7.2030691e-01   1.6461886e-01
  -3.6400000e+02   7.2261679e-01   1.6674359e-01
  -3.6300000e+02   7.2300267e-01   1.5885404e-01
  -3.6200000e+02   7.2453983e-01   1.6219278e-01
  -3.6100000e+02   7.2439403e-01   1.6953821e-01
  -3.6000000e+02   7.2547705e-01   1.6943080e-01
  -3.5900000e+02   7.2496680e-01   1.7061982e-01
  -3.5800000e+02   7.2040677e-01   1.7105859e-01
  -3.5700000e+02   7.1714746e-01   1.7222032e-01
  -3.5600000e+02   7.1469250e-01   1.7381538e-01
  -3.5500000e+02   7.1027220e-01   1.7829501e-01
  -3.5400000e+02   7.0673966e-01   1.7854110e-01
  -3.5300000e+02   7.0857916e-01   1.7815150e-01
  -3.5200000e+02   7.1235292e-01   1.7726035e-01
  -3.5100000e+02   7.1382617e-01   1.7809041e-01
  -3.5000000e+02   7.1415952e-01   1.7755529e-01
  -3.4900000e+02   7.1035459e-01   1.7583433e-01
  -3.4800000e+02   7.1047608e-01   1.7694017e-01
  -3.4700000e+02   7.0905350e-01   1.7402954e-01
  -3.4600000e+02   7.0753062e-01   1.7516262e-01
  -3.4500000e+02   7.0584520e-01   1.7471993e-01
  -3.4400000e+02   7.0848211e-01   1.7170770e-01
  -3.4300000e+02   7.1092097e-01   1.7168830e-01
  -3.4200000e+02   7.1060229e-01   1.6952155e-01
  -3.4100000e+02   7.1513095e-01   1.6959829e-01
  -3.4000000e+02   7.1615690e-01   1.7067594e-01
  -3.3900000e+02   7.1739979e-01   1.7123602e-01
  -3.3800000e+02   7.2018349e-01   1.6801519e-01
  -3.3700000e+02   7.1838685e-01   1.6835349e-01
  -3.3600000e+02   7.1976705e-01   1.6604016e-01
  -3.3500000e+02   7.2383688e-01   1.6292260e-01
  -3.3400000e+02   7.2147095e-01   1.6416893e-01
  -3.3300000e+02   7.2048789e-01   1.6563996e-01
  -3.3200000e+02   7.1999058e-01   1.6927925e-01
  -3.3100000e+02   7.2345499e-01   1.6802311e-01
  -3.3000000e+02   7.2101246e-01   1.6876316e-01
  -3.2900000e+02   7.1909285e-01   1.6675077e-01
  -3.2800000e+02   7.2081782e-01   1.6445932e-01
  -3.2700000e+02   7.2144488e-01   1.6247086e-01
  -3.2600000e+02   7.2560534e-01   1.5758071e-01
  -3.2500000e+02   7.2297971e-01   1.5762458e-01
  -3.2400000e+02   7.3054054e-01   1.5310861e-01
  -3.2300000e+02   7.2863995e-01   1.5271310e-01
  -3.2200000e+02   7.2966942e-01   1.5294639e-01
  -3.2100000e+02   7.3072065e-01   1.5107718e-01
  -3.2000000e+02   7.2855296e-01   1.5510621e-01
  -3.1900000e+02   7.2443067e-01   1.5319839e-01
  -3.1800000e+02   7.2241834e-01   1.5354253e-01
  -3.1700000e+02   7.2446961e-01   1.5609108e-01
  -3.1600000e+02   7.2076157e-01   1.6213503e-01
  -3.1500000e+02   7.2002963e-01   1.6034311e-01
  -3.1400000e+02   7.1997589e-01   1.5932031e-01
  -3.1300000e+02   7.2225646e-01   1.6080589e-01
  -3.1200000e+02   7.1846459e-01   1.6105494e-01
  -3.1100000e+02   7.1974981e-01   1.6155279e-01
  -3.1000000e+02   7.2085177e-01   1.5942044e-01
  -3.0900000e+02   7.1924270e-01   1.5942663e-01
  -3.0800000e+02   7.1891616e-01   1.6188922e-01
  -3.0700000e+02   7.1727379e-01   1.6227741e-01
  -3.0600000e+02   7.1283722e-01   1.6162289e-01
  -3.0500000e+02   7.2091836e-01   1.5680168e-01
  -3.0400000e+02   7.2260939e-01   1.5447588e-01
  -3.0300000e+02   7.1774964e-01   1.5428919e-01
  -3.0200000e+02   7.2097346e-01   1.5155627e-01
  -3.0100000e+02   7.2122220e-01   1.5733014e-01
  -3.0000000e+02   7.2289849e-01   1.5246085e-01
  -2.9900000e+02   7.2380920e-01   1.5424267e-01
  -2.9800000e+02   7.2309328e-01   1.5618525e-01
  -2.9700000e+02   7.2149740e-01   1.6473280e-01
  -2.9600000e+02   7.2211965e-01   1.6900140e-01
  -2.9500000e+02   7.2285419e-01   1.6802604e-01
  -2.9400000e+02   7.1880934e-01   1.6717009e-01
  -2.9300000e+02   7.1885218e-01   1.6662679e-01
  -2.9200000e+02   7.1997735e-01   1.6259044e-01
  -2.9100000e+02   7.1961829e-01   1.6050553e-01
  -2.9000000e+02   7.1508878e-01   1.6160669e-01
  -2.8900000e+02   7.1394544e-01   1.6367000e-01
  -2.8800000e+02   7.0953900e-01   1.6570840e-01
  -2.8700000e+02   7.0651639e-01   1.6724132e-01
  -2.8600000e+02   7.0629789e-01   1.6712486e-01
  -2.8500000e+02   6.9680360e-01   1.6782841e-01
  -2.8400000e+02   6.9000682e-01   1.6102693e-01
  -2.8300000e+02   6.8255190e-01   1.6144877e-01
  -2.8200000e+02   6.8285859e-01   1.5806305e-01
  -2.8100000e+02   6.9166969e-01   1.5691413e-01
  -2.8000000e+02   6.9489810e-01   1.6258471e-01
  -2.7900000e+02   6.9632569e-01   1.6808308e-01
  -2.7800000e+02   7.0105059e-01   1.6649164e-01
  -2.7700000e+02   7.0317501e-01   1.6364714e-01
  -2.7600000e+02   7.0580064e-01   1.6023077e-01
  -2.7500000e+02   7.1158692e-01   1.5792467e-01
  -2.7400000e+02   7.1168089e-01   1.5630089e-01
  -2.7300000e+02   7.1258778e-01   1.5257145e-01
  -2.7200000e+02   7.1310893e-01   1.5234709e-01
  -2.7100000e+02   7.1226476e-01   1.5601391e-01
  -2.7000000e+02   7.1101934e-01   1.5629604e-01
  -2.6900000e+02   7.1589748e-01   1.5286382e-01
  -2.6800000e+02   7.1874911e-01   1.5128883e-01
  -2.6700000e+02   7.2058582e-01   1.4805029e-01
  -2.6600000e+02   7.1907536e-01   1.4526972e-01
  -2.6500000e+02   7.1933992e-01   1.4225654e-01
  -2.6400000e+02   7.1946223e-01   1.4060062e-01
  -2.6300000e+02   7.1600816e-01   1.4098993e-01
  -2.6200000e+02   7.1587599e-01   1.4053127e-01
  -2.6100000e+02   7.1405189e-01   1.3975953e-01
  -2.6000000e+02   7.1281312e-01   1.3630608e-01
  -2.5900000e+02   7.1321735e-01   1.3866820e-01
  -2.5800000e+02   7.1294880e-01   1.4096623e-01
  -2.5700000e+02   7.1723721e-01   1.4069133e-01
  -2.5600000e+02   7.1853099e-01   1.4238946e-01
  -2.5500000e+02   7.2100809e-01   1.3810487e-01
  -2.5400000e+02   7.2033465e-01   1.3828571e-01
  -2.5300000e+02   7.1825043e-01   1.4134328e-01
  -2.5200000e+02   7.1886050e-01   1.3942356e-01
  -2.5100000e+02   7.1941372e-01   1.3830648e-01
  -2.5000000e+02   7.1955864e-01   1.3742833e-01
  -2.4900000e+02   7.1783526e-01   1.3685935e-01
  -2.4800000e+02   7.1550507e-01   1.4001750e-01
  -2.4700000e+02   7.1644928e-01   1.3869361e-01
  -2.4600000e+02   7.1209092e-01   1.4036204e-01
  -2.4500000e+02   7.0962893e-01   1.4172382e-01
  -2.4400000e+02   7.0519342e-01   1.4556436e-01
  -2.4300000e+02   7.0059617e-01   1.4599215e-01
  -2.4200000e+02   7.0209241e-01   1.4337842e-01
  -2.4100000e+02   7.0326330e-01   1.3917166e-01
  -2.4000000e+02   7.0338889e-01   1.3880177e-01
  -2.3900000e+02   7.0944326e-01   1.3977508e-01
  -2.3800000e+02   7.0846838e-01   1.4514670e-01
  -2.3700000e+02   7.0937747e-01   1.4184640e-01
  -2.3600000e+02   7.0963712e-01   1.4203431e-01
  -2.3500000e+02   7.0488994e-01   1.4333865e-01
  -2.3400000e+02   7.0624073e-01   1.4551972e-01
  -2.3300000e+02   7.1028659e-01   1.4275541e-01
  -2.3200000e+02   7.1182175e-01   1.4086812e-01
  -2.3100000e+02   7.1540332e-01   1.3989195e-01
  -2.3000000e+02   7.1334231e-01   1.3949056e-01
  -2.2900000e+02   7.1639236e-01   1.3759198e-01
  -2.2800000e+02   7.2051212e-01   1.3560624e-01
  -2.2700000e+02   7.2336059e-01   1.3442416e-01
  -2.2600000e+02   7.2773485e-01   1.3323996e-01
  -2.2500000e+02   7.2669842e-01   1.3609143e-01
  -2.2400000e+02   7.2982081e-01   1.3242454e-01
  -2.2300000e+02   7.2686874e-01   1.3380887e-01
  -2.2200000e+02   7.2593173e-01   1.3186227e-01
  -2.2100000e+02   7.2213613e-01   1.3257569e-01
  -2.2000000e+02   7.2340986e-01   1.3221658e-01
  -2.1900000e+02   7.2192428e-01   1.3407883e-01
  -2.1800000e+02   7.1997116e-01   1.4041326e-01
  -2.1700000e+02   7.2575736e-01   1.3556551e-01
  -2.1600000e+02   7.2764066e-01   1.3372486e-01
  -2.1500000e+02   7.3068976e-01   1.3089055e-01
  -2.1400000e+02   7.3007237e-01   1.3173431e-01
  -2.1300000e+02   7.2730717e-01   1.3172199e-01
  -2.1200000e+02   7.2171032e-01   1.3298499e-01
  -2.1100000e+02   7.2124832e-01   1.3284757e-01
  -2.1000000e+02   7.1482649e-01   1.3426117e-01
  -2.0900000e+02   7.2252679e-01   1.3809410e-01
  -2.0800000e+02   7.2443413e-01   1.4034360e-01
  -2.0700000e+02   7.2532291e-01   1.3692069e-01
  -2.0600000e+02   7.2330026e-01   1.3920108e-01
  -2.0500000e+02   7.2389849e-01   1.4334153e-01
  -2.0400000e+02   7.2546517e-01   1.4370711e-01
  -2.0300000e+02   7.2448476e-01   1.4559309e-01
  -2.0200000e+02   7.2142149e-01   1.4751230e-01
  -2.0100000e+02   7.1987548e-01   1.4930798e-01
  -2.0000000e+02   7.1546794e-01   1.5398164e-01
  -1.9900000e+02   7.1301265e-01   1.5283768e-01
  -1.9800000e+02   7.1069753e-01   1.5832705e-01
  -1.9700000e+02   7.1298943e-01   1.5298815e-01
  -1.9600000e+02   7.1475128e-01   1.5564296e-01
  -1.9500000e+02   7.1567456e-01   1.5549561e-01
  -1.9400000e+02   7.1500788e-01   1.5598839e-01
  -1.9300000e+02   7.1248413e-01   1.5936698e-01
  -1.9200000e+02   7.1061802e-01   1.6125305e-01
  -1.9100000e+02   7.1546626e-01   1.5965916e-01
  -1.9000000e+02   7.1528553e-01   1.5746616e-01
  -1.8900000e+02   7.1581423e-01   1.5290725e-01
  -1.8800000e+02   7.1853535e-01   1.4896552e-01
  -1.8700000e+02   7.2196898e-01   1.5032125e-01
  -1.8600000e+02   7.2704073e-01   1.4783580e-01
  -1.8500000e+02   7.3132625e-01   1.4412328e-01
  -1.8400000e+02   7.3564104e-01   1.4331673e-01
  -1.8300000e+02   7.3597000e-01   1.4440281e-01
  -1.8200000e+02   7.3357689e-01   1.4589326e-01
  -1.8100000e+02   7.3493038e-01   1.4812981e-01
  -1.8000000e+02   7.3392822e-01   1.4859662e-01
  -1.7900000e+02   7.3562452e-01   1.4886021e-01
  -1.7800000e+02   7.2788555e-01   1.5573917e-01
  -1.7700000e+02   7.3001844e-01   1.5077853e-01
  -1.7600000e+02   7.3102549e-01   1.4848765e-01
  -1.7500000e+02   7.3121937e-01   1.4944273e-01
  -1.7400000e+02   7.3258265e-01   1.5433622e-01
  -1.7300000e+02   7.3141429e-01   1.5495723e-01
  -1.7200000e+02   7.3026233e-01   1.5705569e-01
  -1.7100000e+02   7.3357776e-01   1.5187601e-01
  -1.7000000e+02   7.3607075e-01   1.5153631e-01
  -1.6900000e+02   7.3764497e-01   1.5332496e-01
  -1.6800000e+02   7.3614552e-01   1.5733446e-01
  -1.6700000e+02   7.3783326e-01   1.5739182e-01
  -1.6600000e+02   7.3602359e-01   1.5861309e-01
  -1.6500000e+02   7.3113118e-01   1.5746836e-01
  -1.6400000e+02   7.3127539e-01   1.5576110e-01
  -1.6300000e+02   7.3335483e-01   1.5545779e-01
  -1.6200000e+02   7.2820400e-01   1.5529224e-01
  -1.6100000e+02   7.2887699e-01   1.5490638e-01
  -1.6000000e+02   7.2882985e-01   1.5419459e-01
  -1.5900000e+02   7.2772568e-01   1.5418711e-01
  -1.5800000e+02   7.2621957e-01   1.5412358e-01
  -1.5700000e+02   7.2770892e-01   1.5388868e-01
  -1.5600000e+02   7.1751647e-01   1.7304569e-01
  -1.5500000e+02   7.2564668e-01   1.5955228e-01
  -1.5400000e+02   7.2608555e-01   1.5934501e-01
  -1.5300000e+02   7.2370358e-01   1.6108912e-01
  -1.5200000e+02   7.2116743e-01   1.6204583e-01
  -1.5100000e+02   7.2509044e-01   1.6111636e-01
  -1.5000000e+02   7.2753996e-01   1.6016815e-01
  -1.4900000e+02   7.2825393e-01   1.5831877e-01
  -1.4800000e+02   7.3218743e-01   1.5736397e-01
  -1.4700000e+02   7.3053448e-01   1.5668791e-01
  -1.4600000e+02   7.3043931e-01   1.5739385e-01
  -1.4500000e+02   7.3440603e-01   1.6286302e-01
  -1.4400000e+02   7.3666532e-01   1.6491514e-01
  -1.4300000e+02   7.4217902e-01   1.6322724e-01
  -1.4200000e+02   7.3926508e-01   1.6394552e-01
  -1.4100000e+02   7.4054822e-01   1.5924956e-01
  -1.4000000e+02   7.3923451e-01   1.5874306e-01
  -1.3900000e+02   7.3949006e-01   1.6024777e-01
  -1.3800000e+02   7.3691906e-01   1.6702015e-01
  -1.3700000e+02   7.3973512e-01   1.6438350e-01
  -1.3600000e+02   7.3557731e-01   1.6723084e-01
  -1.3500000e+02   7.3458277e-01   1.6628319e-01
  -1.3400000e+02   7.3725700e-01   1.6314518e-01
  -1.3300000e+02   7.3601499e-01   1.6302534e-01
  -1.3200000e+02   7.3470110e-01   1.6133182e-01
  -1.3100000e+02   7.3202416e-01   1.6352347e-01
  -1.3000000e+02   7.3147102e-01   1.6172083e-01
  -1.2900000e+02   7.3083434e-01   1.5923115e-01
  -1.2800000e+02   7.3012866e-01   1.5811204e-01
  -1.2700000e+02   7.2994105e-01   1.5699906e-01
  -1.2600000e+02   7.3142336e-01   1.5523244e-01
  -1.2500000e+02   7.2664094e-01   1.5793356e-01
  -1.2400000e+02   7.2638475e-01   1.6052352e-01
  -1.2300000e+02   7.2436111e-01   1.5849079e-01
  -1.2200000e+02   7.2313806e-01   1.6196603e-01
  -1.2100000e+02   7.2253882e-01   1.6389738e-01
  -1.2000000e+02   7.2364832e-01   1.6396182e-01
  -1.1900000e+02   7.2440997e-01   1.6097808e-01
  -1.1800000e+02   7.2999832e-01   1.5770726e-01
  -1.1700000e+02   7.2771024e-01   1.6192293e-01
  -1.1600000e+02   7.2906608e-01   1.6133243e-01
  -1.1500000e+02   7.2975359e-01   1.6309010e-01
  -1.1400000e+02   7.2760232e-01   1.6154569e-01
  -1.1300000e+02   7.2628888e-01   1.6249921e-01
  -1.1200000e+02   7.3061318e-01   1.5851779e-01
  -1.1100000e+02   7.2628988e-01   1.5789935e-01
  -1.1000000e+02   7.1781379e-01   1.5764297e-01
  -1.0900000e+02   7.2161210e-01   1.5537451e-01
  -1.0800000e+02   7.2566650e-01   1.5548534e-01
  -1.0700000e+02   7.2735679e-01   1.5582514e-01
  -1.0600000e+02   7.2968870e-01   1.5196453e-01
  -1.0500000e+02   7.2856307e-01   1.5369659e-01
  -1.0400000e+02   7.2165882e-01   1.5750299e-01
  -1.0300000e+02   7.2197816e-01   1.5864817e-01
  -1.0200000e+02   7.1418231e-01   1.6390480e-01
  -1.0100000e+02   7.1846070e-01   1.5946466e-01
  -1.0000000e+02   7.1846939e-01   1.6458110e-01
  -9.9000000e+01   7.2409983e-01   1.5754734e-01
  -9.8000000e+01   7.2589419e-01   1.5947671e-01
  -9.7000000e+01   7.2523461e-01   1.6241928e-01
  -9.6000000e+01   7.2239784e-01   1.6302557e-01
  -9.5000000e+01   7.2525735e-01   1.6444571e-01
  -9.4000000e+01   7.2412072e-01   1.6467349e-01
  -9.3000000e+01   7.2172440e-01   1.6056399e-01
  -9.2000000e+01   7.1974711e-01   1.6041995e-01
  -9.1000000e+01   7.2171734e-01   1.6318750e-01
  -9.0000000e+01   7.1891449e-01   1.6434813e-01
  -8.9000000e+01   7.1322038e-01   1.6818252e-01
  -8.8000000e+01   7.2573726e-01   1.5992960e-01
  -8.7000000e+01   7.2639956e-01   1.5978778e-01
  -8.6000000e+01   7.1855027e-01   1.6383327e-01
  -8.5000000e+01   7.2078453e-01   1.5652649e-01
  -8.4000000e+01   7.2016633e-01   1.5706869e-01
  -8.3000000e+01   7.1675382e-01   1.5953084e-01
  -8.2000000e+01   7.2084185e-01   1.5269146e-01
  -8.1000000e+01   7.2165241e-01   1.5076874e-01
  -8.0000000e+01   7.2196843e-01   1.4925342e-01
  -7.9000000e+01   7.2289536e-01   1.5135908e-01
  -7.8000000e+01   7.2460388e-01   1.5295728e-01
  -7.7000000e+01   7.2229468e-01   1.5284445e-01
  -7.6000000e+01   7.2401806e-01   1.5183677e-01
  -7.5000000e+01   7.2394386e-01   1.5255908e-01
  -7.4000000e+01   7.2230624e-01   1.5350469e-01
  -7.3000000e+01   7.2489061e-01   1.5350149e-01
  -7.2000000e+01   7.2154547e-01   1.5750819e-01
  -7.1000000e+01   7.1621893e-01   1.5991958e-01
  -7.0000000e+01   7.0981376e-01   1.6442617e-01
  -6.9000000e+01   7.0499236e-01   1.6206199e-01
  -6.8000000e+01   6.9879152e-01   1.6427440e-01
  -6.7000000e+01   6.9889568e-01   1.6199231e-01
  -6.6000000e+01   6.9987263e-01   1.6011987e-01
  -6.5000000e+01   7.0149787e-01   1.5620638e-01
  -6.4000000e+01   7.0471473e-01   1.5398885e-01
  -6.3000000e+01   7.1112607e-01   1.5244369e-01
  -6.2000000e+01   7.1366174e-01   1.5080220e-01
  -6.1000000e+01   7.1479733e-01   1.4517493e-01
  -6.0000000e+01   7.1724691e-01   1.4351198e-01
  -5.9000000e+01   7.1926370e-01   1.4316884e-01
  -5.8000000e+01   7.2301558e-01   1.4012247e-01
  -5.7000000e+01   7.0886140e-01   1.2932055e-01
  -5.6000000e+01   7.1591741e-01   1.2981437e-01
  -5.5000000e+01   7.2019020e-01   1.2742716e-01
  -5.4000000e+01   7.2339148e-01   1.2476510e-01
  -5.3000000e+01   7.2379492e-01   1.2587083e-01
  -5.2000000e+01   7.2412762e-01   1.2845506e-01
  -5.1000000e+01   7.2290605e-01   1.2942636e-01
  -5.0000000e+01   7.2033043e-01   1.3193065e-01
  -4.9000000e+01   7.0699904e-01   1.3163092e-01
  -4.8000000e+01   7.0316841e-01   1.3619317e-01
  -4.7000000e+01   7.0250764e-01   1.3690976e-01
  -4.6000000e+01   7.0122388e-01   1.3259087e-01
  -4.5000000e+01   7.0164244e-01   1.2944006e-01
  -4.4000000e+01   7.0425837e-01   1.2945303e-01
  -4.3000000e+01   7.0721338e-01   1.2813820e-01
  -4.2000000e+01   7.0897233e-01   1.2631480e-01
  -4.1000000e+01   7.1194905e-01   1.2623755e-01
  -4.0000000e+01   7.1451867e-01   1.2562389e-01
  -3.9000000e+01   7.1299227e-01   1.2660527e-01
  -3.8000000e+01   7.1217380e-01   1.2298782e-01
  -3.7000000e+01   7.1978989e-01   1.2474948e-01
  -3.6000000e+01   7.2652554e-01   1.2780587e-01
  -3.5000000e+01   7.2297692e-01   1.3052066e-01
  -3.4000000e+01   7.2907525e-01   1.2564452e-01
  -3.3000000e+01   7.3032651e-01   1.2489797e-01
  -3.2000000e+01   7.3228098e-01   1.2051642e-01
  -3.1000000e+01   7.3316693e-01   1.2001387e-01
  -3.0000000e+01   7.3162762e-01   1.1658744e-01
  -2.9000000e+01   7.3351014e-01   1.1391777e-01
  -2.8000000e+01   7.3500000e-01   1.1571420e-01
  -2.7000000e+01   7.3187326e-01   1.1043809e-01
  -2.6000000e+01   7.4217530e-01   1.0552706e-01
  -2.5000000e+01   7.4473361e-01   1.0157870e-01
  -2.4000000e+01   7.4108421e-01   1.0271530e-01
  -2.3000000e+01   7.4289171e-01   1.0543454e-01
  -2.2000000e+01   7.5000498e-01   1.0444718e-01
  -2.1000000e+01   7.5369222e-01   1.0854906e-01
  -2.0000000e+01   7.5149032e-01   1.0707709e-01
  -1.9000000e+01   7.5605108e-01   1.0880685e-01
  -1.8000000e+01   7.5466504e-01   1.1107582e-01
  -1.7000000e+01   7.5482335e-01   1.0577765e-01
  -1.6000000e+01   7.5534128e-01   9.8975735e-02
  -1.5000000e+01   7.5496388e-01   1.1554681e-01
  -1.4000000e+01   7.6119588e-01   1.0799484e-01
  -1.3000000e+01   7.6568497e-01   1.0684782e-01
  -1.2000000e+01   7.7543731e-01   1.0045874e-01
  -1.1000000e+01   7.7630505e-01   9.4054163e-02
  -1.0000000e+01   7.8174862e-01   8.8654399e-02
  -9.0000000e+00   7.9044182e-01   7.7622222e-02
  -8.0000000e+00   8.0079185e-01   7.9184757e-02
  -7.0000000e+00   8.1042940e-01   8.3406751e-02
  -6.0000000e+00   8.1420448e-01   8.9111136e-02
  -5.0000000e+00   8.2213649e-01   8.7256750e-02
  -4.0000000e+00   8.2173414e-01   8.7639721e-02
  -3.0000000e+00   8.2732987e-01   8.6404178e-02
  -2.0000000e+00   8.2563596e-01   8.9622056e-02
  -1.0000000e+00   8.0803775e-01   1.2039140e-01
   0.0000000e+00   8.2278176e-01   1.0180833e-01
   1.0000000e+00   8.4020995e-01   9.1979519e-02
   2.0000000e+00   8.5267323e-01   7.5375863e-02
   3.0000000e+00   8.7634736e-01   4.9810281e-02
   4.0000000e+00   8.8761600e-01   4.7371739e-02
   5.0000000e+00   8.9793434e-01   4.6062119e-02
   6.0000000e+00   9.0122577e-01   4.8800649e-02
   7.0000000e+00   9.0686627e-01   4.4953357e-02
   8.0000000e+00   9.1017685e-01   4.6089785e-02
   9.0000000e+00   9.1085216e-01   4.8293051e-02
   1.0000000e+01   9.1356907e-01   4.8347905e-02
   1.1000000e+01   9.1617014e-01   4.5055539e-02
   1.2000000e+01   9.1578957e-01   4.5827782e-02
   1.3000000e+01   9.1719483e-01   4.5882429e-02
   1.4000000e+01   9.1691902e-01   4.5899164e-02
   1.5000000e+01   9.1512885e-01   4.8960511e-02
   1.6000000e+01   9.1397254e-01   4.9356191e-02
   1.7000000e+01   9.1611194e-01   4.6504129e-02
   1.8000000e+01   9.1609379e-01   4.6769878e-02
   1.9000000e+01   9.1636758e-01   4.5569273e-02
   2.0000000e+01   9.1640001e-01   4.5693279e-02
   2.1000000e+01   9.1436087e-01   4.9782077e-02
   2.2000000e+01   9.1456403e-01   4.7909014e-02
   2.3000000e+01   9.1318483e-01   5.0324602e-02
   2.4000000e+01   9.1279374e-01   5.0827593e-02
   2.5000000e+01   9.1185860e-01   5.2020181e-02
   2.6000000e+01   9.1251984e-01   5.2884843e-02
   2.7000000e+01   9.1131497e-01   5.3212526e-02
   2.8000000e+01   9.1062745e-01   5.2998019e-02
   2.9000000e+01   9.0951373e-01   5.4264081e-02
   3.0000000e+01   9.1012473e-01   5.3047200e-02
   3.1000000e+01   9.0955894e-01   5.5694519e-02
   3.2000000e+01   9.1021975e-01   5.4883862e-02
   3.3000000e+01   9.0893231e-01   5.7897184e-02
   3.4000000e+01   9.0829330e-01   5.6317937e-02
   3.5000000e+01   9.0928650e-01   5.5740056e-02
   3.6000000e+01   9.0589140e-01   5.8773148e-02
   3.7000000e+01   9.0873160e-01   5.4031755e-02
   3.8000000e+01   9.0942333e-01   5.3550560e-02
   3.9000000e+01   9.0898697e-01   5.3911608e-02
   4.0000000e+01   9.0939368e-01   5.1668545e-02
   4.1000000e+01   9.0803408e-01   5.3121271e-02
   4.2000000e+01   9.0719753e-01   5.4047998e-02
   4.3000000e+01   9.1052946e-01   5.1220570e-02
   4.4000000e+01   9.1008432e-01   5.2004713e-02
   4.5000000e+01   9.0941103e-01   5.2390725e-02
   4.6000000e+01   9.0993808e-01   5.1413699e-02
   4.7000000e+01   9.0827764e-01   5.2613981e-02
   4.8000000e+01   9.0948321e-01   5.2166191e-02
   4.9000000e+01   9.0885739e-01   5.4771993e-02
   5.0000000e+01   9.0912698e-01   5.3425669e-02
   5.1000000e+01   9.0975172e-01   5.5000330e-02
   5.2000000e+01   9.0869835e-01   5.5298558e-02
   5.3000000e+01   9.0871967e-01   5.7531350e-02
   5.4000000e+01   9.1071735e-01   5.4552968e-02
   5.5000000e+01   9.1051280e-01   5.5549938e-02
   5.6000000e+01   9.1055190e-01   5.4442418e-02
   5.7000000e+01   9.1102916e-01   5.5053864e-02
   5.8000000e+01   9.1030710e-01   5.5185175e-02
   5.9000000e+01   9.1000307e-01   5.5250227e-02
   6.0000000e+01   9.0582877e-01   6.4395357e-02
   6.1000000e+01   9.0792829e-01   6.0438454e-02
   6.2000000e+01   9.0702920e-01   5.9771932e-02
   6.3000000e+01   9.0872063e-01   5.8670475e-02
   6.4000000e+01   9.0843684e-01   6.1051537e-02
   6.5000000e+01   9.1006862e-01   5.8197065e-02
   6.6000000e+01   9.1035913e-01   5.9382127e-02
   6.7000000e+01   9.1324254e-01   5.3687787e-02
   6.8000000e+01   9.1398345e-01   5.1765239e-02
   6.9000000e+01   9.1585877e-01   4.8789721e-02
   7.0000000e+01   9.1738867e-01   4.7452454e-02
   7.1000000e+01   9.1880685e-01   4.7221413e-02
   7.2000000e+01   9.1884091e-01   4.9672278e-02
   7.3000000e+01   9.1885345e-01   4.9737763e-02
   7.4000000e+01   9.2087974e-01   4.7225178e-02
   7.5000000e+01   9.2168827e-01   4.6194774e-02
   7.6000000e+01   9.2324550e-01   4.4191878e-02
   7.7000000e+01   9.2245399e-01   4.6038846e-02
   7.8000000e+01   9.2181965e-01   4.4576731e-02
   7.9000000e+01   9.2185470e-01   4.5275444e-02
   8.0000000e+01   9.2300076e-01   4.4667112e-02
   8.1000000e+01   9.2320570e-01   4.5981336e-02
   8.2000000e+01   9.2389045e-01   4.5147141e-02
   8.3000000e+01   9.2248922e-01   4.9908183e-02
   8.4000000e+01   9.2369607e-01   4.5520564e-02
   8.5000000e+01   9.2527647e-01   4.3794498e-02
   8.6000000e+01   9.2509752e-01   4.2307706e-02
   8.7000000e+01   9.2512696e-01   4.1928307e-02
   8.8000000e+01   9.2606534e-01   4.0019088e-02
   8.9000000e+01   9.2446716e-01   4.0516903e-02
   9.0000000e+01   9.2246494e-01   4.1880190e-02
   9.1000000e+01   9.1971604e-01   4.2851333e-02
   9.2000000e+01   9.1792520e-01   4.6608331e-02
   9.3000000e+01   9.1885569e-01   4.7748430e-02
   9.4000000e+01   9.1920681e-01   4.8367703e-02
   9.5000000e+01   9.1755357e-01   4.9563302e-02
   9.6000000e+01   9.1502988e-01   5.2756532e-02
   9.7000000e+01   9.1232645e-01   4.9172089e-02
   9.8000000e+01   9.0841673e-01   4.9463802e-02
   9.9000000e+01   8.9627572e-01   5.7013296e-02
   1.0000000e+02   8.8180886e-01   6.5023647e-02
   1.0100000e+02   8.6647661e-01   7.3889747e-02
   1.0200000e+02   8.5239862e-01   8.3542083e-02
   1.0300000e+02   8.5606262e-01   8.6170811e-02
   1.0400000e+02   8.4730930e-01   9.4693802e-02
   1.0500000e+02   8.5049591e-01   9.0214291e-02
   1.0600000e+02   8.3960429e-01   1.0139364e-01
   1.0700000e+02   8.3788823e-01   1.0329920e-01
   1.0800000e+02   8.3638019e-01   1.0457007e-01
   1.0900000e+02   8.2302860e-01   1.1257379e-01
   1.1000000e+02   8.1727116e-01   1.1606862e-01
   1.1100000e+02   8.1547513e-01   1.1611380e-01
   1.1200000e+02   8.0307211e-01   1.2295876e-01
   1.1300000e+02   8.0723920e-01   1.2887599e-01
   1.1400000e+02   8.0805230e-01   1.3531236e-01
   1.1500000e+02   7.9955946e-01   1.4230076e-01
   1.1600000e+02   8.0233838e-01   1.3693397e-01
   1.1700000e+02   7.9545113e-01   1.4196809e-01
   1.1800000e+02   7.8671959e-01   1.4691086e-01
   1.1900000e+02   7.8053481e-01   1.5228152e-01
   1.2000000e+02   7.7813259e-01   1.5693259e-01
