   1.0000000e+02   5.3245602e-01   1.4959184e-01
   1.0100000e+02   5.3553410e-01   1.5020384e-01
   1.0200000e+02   5.4056126e-01   1.4265957e-01
   1.0300000e+02   5.3817495e-01   1.4316131e-01
   1.0400000e+02   5.4169332e-01   1.4170362e-01
   1.0500000e+02   5.4899574e-01   1.4380280e-01
   1.0600000e+02   5.5026676e-01   1.3996998e-01
   1.0700000e+02   5.4548299e-01   1.3376180e-01
   1.0800000e+02   5.3931927e-01   1.3138275e-01
   1.0900000e+02   5.4361492e-01   1.3778156e-01
   1.1000000e+02   5.4524845e-01   1.4799697e-01
   1.1100000e+02   5.4407336e-01   1.5610899e-01
   1.1200000e+02   5.4835480e-01   1.4571749e-01
   1.1300000e+02   5.4302677e-01   1.3801421e-01
   1.1400000e+02   5.4440471e-01   1.5171715e-01
   1.1500000e+02   5.5181894e-01   1.5634126e-01
   1.1600000e+02   5.5182942e-01   1.5375149e-01
   1.1700000e+02   5.5049764e-01   1.4593670e-01
   1.1800000e+02   5.4544349e-01   1.4137495e-01
   1.1900000e+02   5.4994746e-01   1.3866002e-01
   1.2000000e+02   5.5114895e-01   1.4454088e-01
   1.2100000e+02   5.5199420e-01   1.4694007e-01
   1.2200000e+02   5.5321929e-01   1.3951391e-01
   1.2300000e+02   5.5534434e-01   1.3305917e-01
   1.2400000e+02   5.5278275e-01   1.2804437e-01
   1.2500000e+02   5.5135979e-01   1.2960169e-01
   1.2600000e+02   5.4642552e-01   1.2725505e-01
   1.2700000e+02   5.4463992e-01   1.2087721e-01
   1.2800000e+02   5.4561862e-01   1.1875049e-01
   1.2900000e+02   5.5092604e-01   1.2811781e-01
   1.3000000e+02   5.4901459e-01   1.3501604e-01
   1.3100000e+02   5.3858276e-01   1.3525754e-01
   1.3200000e+02   5.3880388e-01   1.2561293e-01
   1.3300000e+02   5.4643710e-01   1.2616722e-01
   1.3400000e+02   5.4994714e-01   1.2432150e-01
   1.3500000e+02   5.5111896e-01   1.3456057e-01
   1.3600000e+02   5.4268481e-01   1.3180887e-01
   1.3700000e+02   5.4570892e-01   1.3609636e-01
   1.3800000e+02   5.4675024e-01   1.3254448e-01
   1.3900000e+02   5.5831525e-01   1.4368488e-01
   1.4000000e+02   5.5992477e-01   1.3970249e-01
   1.4100000e+02   5.5176082e-01   1.3026130e-01
   1.4200000e+02   5.5023045e-01   1.2053688e-01
   1.4300000e+02   5.4966910e-01   1.2350840e-01
   1.4400000e+02   5.5336355e-01   1.2632990e-01
   1.4500000e+02   5.5720261e-01   1.3433899e-01
   1.4600000e+02   5.5312570e-01   1.3589178e-01
   1.4700000e+02   5.4838493e-01   1.3247324e-01
   1.4800000e+02   5.4687016e-01   1.2137336e-01
   1.4900000e+02   5.5491923e-01   1.2147226e-01
   1.5000000e+02   5.5063766e-01   1.3120656e-01
   1.5100000e+02   5.4494341e-01   1.3379175e-01
   1.5200000e+02   5.4989485e-01   1.2613538e-01
   1.5300000e+02   5.5057220e-01   1.1432588e-01
   1.5400000e+02   5.4582222e-01   1.1078959e-01
   1.5500000e+02   5.4509425e-01   1.1918156e-01
   1.5600000e+02   5.4230783e-01   1.2325115e-01
   1.5700000e+02   5.4695359e-01   1.2323689e-01
   1.5800000e+02   5.4581030e-01   1.1654801e-01
   1.5900000e+02   5.4124363e-01   1.1745875e-01
   1.6000000e+02   5.4235239e-01   1.3364760e-01
   1.6100000e+02   5.3997436e-01   1.3520537e-01
   1.6200000e+02   5.4589473e-01   1.2656294e-01
   1.6300000e+02   5.5168882e-01   1.2722563e-01
   1.6400000e+02   5.5514951e-01   1.3113647e-01
   1.6500000e+02   5.5625902e-01   1.3739693e-01
   1.6600000e+02   5.5015795e-01   1.4084453e-01
   1.6700000e+02   5.4662395e-01   1.3467354e-01
   1.6800000e+02   5.4778987e-01   1.2729457e-01
   1.6900000e+02   5.5227843e-01   1.2910874e-01
   1.7000000e+02   5.5632136e-01   1.4121811e-01
   1.7100000e+02   5.6012618e-01   1.4603509e-01
   1.7200000e+02   5.5766343e-01   1.3796380e-01
   1.7300000e+02   5.5829313e-01   1.3279081e-01
   1.7400000e+02   5.5645856e-01   1.3086771e-01
   1.7500000e+02   5.4765412e-01   1.3117741e-01
   1.7600000e+02   5.4324848e-01   1.3258215e-01
   1.7700000e+02   5.4589872e-01   1.2569499e-01
   1.7800000e+02   5.4896525e-01   1.1994044e-01
   1.7900000e+02   5.5511751e-01   1.2848969e-01
   1.8000000e+02   5.5564054e-01   1.3950813e-01
   1.8100000e+02   5.5884448e-01   1.3585558e-01
   1.8200000e+02   5.5771300e-01   1.2713596e-01
   1.8300000e+02   5.4944839e-01   1.2083683e-01
   1.8400000e+02   5.4850060e-01   1.3010621e-01
   1.8500000e+02   5.3970906e-01   1.3054594e-01
   1.8600000e+02   5.3368514e-01   1.3879378e-01
   1.8700000e+02   5.3280431e-01   1.3652644e-01
   1.8800000e+02   5.3966279e-01   1.3869621e-01
   1.8900000e+02   5.4961068e-01   1.3879902e-01
   1.9000000e+02   5.5004899e-01   1.4454995e-01
   1.9100000e+02   5.4383956e-01   1.4984958e-01
   1.9200000e+02   5.4375957e-01   1.4434614e-01
   1.9300000e+02   5.4669519e-01   1.3979372e-01
   1.9400000e+02   5.5408040e-01   1.4393373e-01
   1.9500000e+02   5.5153497e-01   1.4446235e-01
   1.9600000e+02   5.4869067e-01   1.5097605e-01
   1.9700000e+02   5.4376079e-01   1.4977440e-01
   1.9800000e+02   5.5305454e-01   1.4490766e-01
   1.9900000e+02   5.6072336e-01   1.4512498e-01
   2.0000000e+02   5.5921970e-01   1.5157218e-01
   2.0100000e+02   5.5427132e-01   1.4612952e-01
   2.0200000e+02   5.5062563e-01   1.3461217e-01
   2.0300000e+02   5.4498353e-01   1.2932968e-01
   2.0400000e+02   5.5123670e-01   1.3272699e-01
   2.0500000e+02   5.5014461e-01   1.3993919e-01
   2.0600000e+02   5.5079395e-01   1.4752700e-01
   2.0700000e+02   5.4761985e-01   1.4787344e-01
   2.0800000e+02   5.4687595e-01   1.4564324e-01
   2.0900000e+02   5.4785705e-01   1.4589425e-01
   2.1000000e+02   5.4436532e-01   1.4694079e-01
   2.1100000e+02   5.3946680e-01   1.4506515e-01
   2.1200000e+02   5.3752520e-01   1.4693768e-01
   2.1300000e+02   5.3979470e-01   1.5055413e-01
   2.1400000e+02   5.4904598e-01   1.4896946e-01
   2.1500000e+02   5.4791204e-01   1.4665080e-01
   2.1600000e+02   5.4842297e-01   1.4910514e-01
   2.1700000e+02   5.5642687e-01   1.5574165e-01
   2.1800000e+02   5.6161930e-01   1.4811869e-01
   2.1900000e+02   5.4801207e-01   1.4098580e-01
   2.2000000e+02   5.4427849e-01   1.3828301e-01
   2.2100000e+02   5.5291321e-01   1.4565664e-01
   2.2200000e+02   5.5561096e-01   1.4348643e-01
   2.2300000e+02   5.5066050e-01   1.4278896e-01
   2.2400000e+02   5.5001626e-01   1.5089503e-01
   2.2500000e+02   5.4799329e-01   1.5492929e-01
   2.2600000e+02   5.4355961e-01   1.5462280e-01
   2.2700000e+02   5.4459907e-01   1.4431881e-01
   2.2800000e+02   5.4555567e-01   1.4434503e-01
   2.2900000e+02   5.3956986e-01   1.3937718e-01
   2.3000000e+02   5.3782121e-01   1.3785834e-01
   2.3100000e+02   5.5185410e-01   1.4537886e-01
   2.3200000e+02   5.5392123e-01   1.4610421e-01
   2.3300000e+02   5.4732645e-01   1.4805141e-01
   2.3400000e+02   5.4565353e-01   1.4135147e-01
   2.3500000e+02   5.3949208e-01   1.4332473e-01
   2.3600000e+02   5.3462868e-01   1.4284372e-01
   2.3700000e+02   5.3824219e-01   1.3661007e-01
   2.3800000e+02   5.5144989e-01   1.3830328e-01
   2.3900000e+02   5.5008541e-01   1.4047756e-01
   2.4000000e+02   5.4193964e-01   1.4430270e-01
   2.4100000e+02   5.5058737e-01   1.5599035e-01
   2.4200000e+02   5.5406987e-01   1.4734826e-01
   2.4300000e+02   5.4429427e-01   1.4490830e-01
   2.4400000e+02   5.4054015e-01   1.4125384e-01
   2.4500000e+02   5.4245809e-01   1.3998741e-01
   2.4600000e+02   5.4397819e-01   1.4038960e-01
   2.4700000e+02   5.4383367e-01   1.3620305e-01
   2.4800000e+02   5.4512281e-01   1.2955981e-01
   2.4900000e+02   5.4697290e-01   1.3923594e-01
   2.5000000e+02   5.4684515e-01   1.4494959e-01
   2.5100000e+02   5.5270948e-01   1.5000156e-01
   2.5200000e+02   5.4606376e-01   1.4152267e-01
   2.5300000e+02   5.3774166e-01   1.3742335e-01
   2.5400000e+02   5.4376969e-01   1.3459547e-01
   2.5500000e+02   5.5132724e-01   1.3418966e-01
   2.5600000e+02   5.5550476e-01   1.3564187e-01
   2.5700000e+02   5.5827545e-01   1.3914173e-01
   2.5800000e+02   5.6055639e-01   1.3338866e-01
   2.5900000e+02   5.6664167e-01   1.3576727e-01
   2.6000000e+02   5.6769257e-01   1.3607842e-01
   2.6100000e+02   5.6450619e-01   1.4430737e-01
   2.6200000e+02   5.5078128e-01   1.4699994e-01
   2.6300000e+02   5.4732172e-01   1.4916541e-01
   2.6400000e+02   5.4465065e-01   1.4161794e-01
   2.6500000e+02   5.4735294e-01   1.4432613e-01
   2.6600000e+02   5.4593058e-01   1.4277854e-01
   2.6700000e+02   5.4965532e-01   1.4763307e-01
   2.6800000e+02   5.4228334e-01   1.4185587e-01
   2.6900000e+02   5.3834526e-01   1.4225841e-01
   2.7000000e+02   5.3982812e-01   1.3624622e-01
   2.7100000e+02   5.4698472e-01   1.4185525e-01
   2.7200000e+02   5.3773519e-01   1.3703008e-01
   2.7300000e+02   5.3313496e-01   1.3315266e-01
   2.7400000e+02   5.3872377e-01   1.2606587e-01
   2.7500000e+02   5.4816859e-01   1.2913645e-01
   2.7600000e+02   5.5039796e-01   1.3690964e-01
   2.7700000e+02   5.5982259e-01   1.4442135e-01
   2.7800000e+02   5.5788544e-01   1.5130461e-01
   2.7900000e+02   5.5399847e-01   1.4918887e-01
   2.8000000e+02   5.4175316e-01   1.4079346e-01
   2.8100000e+02   5.4337558e-01   1.4571110e-01
   2.8200000e+02   5.4540528e-01   1.4395954e-01
   2.8300000e+02   5.5169250e-01   1.5095886e-01
   2.8400000e+02   5.5466845e-01   1.4099797e-01
   2.8500000e+02   5.6288381e-01   1.4289682e-01
   2.8600000e+02   5.5524420e-01   1.4761964e-01
   2.8700000e+02   5.5483625e-01   1.5006357e-01
   2.8800000e+02   5.5164066e-01   1.4462414e-01
   2.8900000e+02   5.5050987e-01   1.4725013e-01
   2.9000000e+02   5.4639902e-01   1.4369840e-01
   2.9100000e+02   5.4410458e-01   1.3886608e-01
   2.9200000e+02   5.4003276e-01   1.3109311e-01
   2.9300000e+02   5.4903477e-01   1.3517301e-01
   2.9400000e+02   5.4247260e-01   1.3239168e-01
   2.9500000e+02   5.4823017e-01   1.2809213e-01
   2.9600000e+02   5.5411231e-01   1.3306345e-01
   2.9700000e+02   5.6550769e-01   1.3597729e-01
   2.9800000e+02   5.5977523e-01   1.4406382e-01
   2.9900000e+02   5.6009203e-01   1.4224024e-01
   3.0000000e+02   5.6099233e-01   1.3925199e-01
   3.0100000e+02   5.5519555e-01   1.3718883e-01
   3.0200000e+02   5.5413642e-01   1.3792187e-01
   3.0300000e+02   5.5526749e-01   1.4398019e-01
   3.0400000e+02   5.5431929e-01   1.3873482e-01
   3.0500000e+02   5.5860928e-01   1.3604925e-01
   3.0600000e+02   5.5471318e-01   1.4008390e-01
   3.0700000e+02   5.5866441e-01   1.3732717e-01
   3.0800000e+02   5.5921914e-01   1.3366487e-01
   3.0900000e+02   5.5063516e-01   1.3433751e-01
   3.1000000e+02   5.5496596e-01   1.3083139e-01
   3.1100000e+02   5.5666500e-01   1.3426860e-01
   3.1200000e+02   5.5265429e-01   1.4127089e-01
   3.1300000e+02   5.5055757e-01   1.5007048e-01
   3.1400000e+02   5.4898198e-01   1.4456276e-01
   3.1500000e+02   5.5866215e-01   1.4077801e-01
   3.1600000e+02   5.5735026e-01   1.3416521e-01
   3.1700000e+02   5.5221082e-01   1.3450887e-01
   3.1800000e+02   5.4833247e-01   1.3514601e-01
   3.1900000e+02   5.3589890e-01   1.3715706e-01
   3.2000000e+02   5.4406630e-01   1.3467049e-01
   3.2100000e+02   5.4475174e-01   1.3244718e-01
   3.2200000e+02   5.4160086e-01   1.3440023e-01
   3.2300000e+02   5.4058569e-01   1.3980589e-01
   3.2400000e+02   5.3558353e-01   1.3940569e-01
   3.2500000e+02   5.3891357e-01   1.3934033e-01
   3.2600000e+02   5.4515724e-01   1.3852285e-01
   3.2700000e+02   5.4644255e-01   1.3920041e-01
   3.2800000e+02   5.4744154e-01   1.3756743e-01
   3.2900000e+02   5.3919627e-01   1.3566044e-01
   3.3000000e+02   5.4450594e-01   1.3481944e-01
   3.3100000e+02   5.3907884e-01   1.3512872e-01
   3.3200000e+02   5.4052208e-01   1.3792981e-01
   3.3300000e+02   5.4890782e-01   1.3694138e-01
   3.3400000e+02   5.4385321e-01   1.3638021e-01
   3.3500000e+02   5.5151838e-01   1.3493544e-01
   3.3600000e+02   5.5775197e-01   1.3825393e-01
   3.3700000e+02   5.5647278e-01   1.4022922e-01
   3.3800000e+02   5.5566692e-01   1.4607994e-01
   3.3900000e+02   5.4943833e-01   1.5939364e-01
   3.4000000e+02   5.5503128e-01   1.5321829e-01
   3.4100000e+02   5.4862885e-01   1.4827623e-01
   3.4200000e+02   5.4531986e-01   1.4491282e-01
   3.4300000e+02   5.5319745e-01   1.4470333e-01
   3.4400000e+02   5.4682297e-01   1.4765376e-01
   3.4500000e+02   5.5155715e-01   1.4567720e-01
   3.4600000e+02   5.5342800e-01   1.4051993e-01
   3.4700000e+02   5.4786821e-01   1.4202481e-01
   3.4800000e+02   5.4984587e-01   1.5452478e-01
   3.4900000e+02   5.4010385e-01   1.5548626e-01
   3.5000000e+02   5.5210691e-01   1.4360638e-01
   3.5100000e+02   5.4978364e-01   1.4009954e-01
   3.5200000e+02   5.5262354e-01   1.4432024e-01
   3.5300000e+02   5.6398892e-01   1.4147119e-01
   3.5400000e+02   5.6536638e-01   1.4041608e-01
   3.5500000e+02   5.7355419e-01   1.4457868e-01
   3.5600000e+02   5.7416425e-01   1.4592250e-01
   3.5700000e+02   5.7267582e-01   1.4671675e-01
   3.5800000e+02   5.7299092e-01   1.4452652e-01
   3.5900000e+02   5.5528510e-01   1.4247482e-01
   3.6000000e+02   5.5562807e-01   1.3510297e-01
   3.6100000e+02   5.4981259e-01   1.3157534e-01
   3.6200000e+02   5.5462194e-01   1.3607324e-01
   3.6300000e+02   5.6694666e-01   1.3942130e-01
   3.6400000e+02   5.6668114e-01   1.3937401e-01
   3.6500000e+02   5.6608829e-01   1.4120094e-01
   3.6600000e+02   5.6386661e-01   1.4089927e-01
   3.6700000e+02   5.5267592e-01   1.3862444e-01
   3.6800000e+02   5.6014446e-01   1.3970498e-01
   3.6900000e+02   5.4270970e-01   1.3755870e-01
   3.7000000e+02   5.4759811e-01   1.2664784e-01
   3.7100000e+02   5.3832641e-01   1.2574809e-01
   3.7200000e+02   5.4482322e-01   1.3913966e-01
   3.7300000e+02   5.5784679e-01   1.3901190e-01
   3.7400000e+02   5.6206172e-01   1.3703236e-01
   3.7500000e+02   5.6932758e-01   1.4349197e-01
   3.7600000e+02   5.6947550e-01   1.4070044e-01
   3.7700000e+02   5.7247035e-01   1.4941071e-01
   3.7800000e+02   5.7229718e-01   1.4864485e-01
   3.7900000e+02   5.5710039e-01   1.4702232e-01
   3.8000000e+02   5.6449104e-01   1.4147139e-01
   3.8100000e+02   5.6073018e-01   1.3737477e-01
   3.8200000e+02   5.5305046e-01   1.4370357e-01
   3.8300000e+02   5.5613338e-01   1.3269174e-01
   3.8400000e+02   5.6097161e-01   1.2955261e-01
   3.8500000e+02   5.6814642e-01   1.2707329e-01
   3.8600000e+02   5.6782231e-01   1.2888621e-01
   3.8700000e+02   5.6873711e-01   1.3364052e-01
   3.8800000e+02   5.6834377e-01   1.3839822e-01
   3.8900000e+02   5.6257813e-01   1.4407223e-01
   3.9000000e+02   5.7182791e-01   1.3873110e-01
   3.9100000e+02   5.6994241e-01   1.3137945e-01
   3.9200000e+02   5.6621533e-01   1.4396151e-01
   3.9300000e+02   5.6154021e-01   1.4752569e-01
   3.9400000e+02   5.6176300e-01   1.5138516e-01
   3.9500000e+02   5.6800021e-01   1.4270441e-01
   3.9600000e+02   5.6374118e-01   1.3497440e-01
   3.9700000e+02   5.7034563e-01   1.4051581e-01
   3.9800000e+02   5.7528194e-01   1.3669757e-01
   3.9900000e+02   5.6501152e-01   1.3634365e-01
   4.0000000e+02   5.7186249e-01   1.3877421e-01
   4.0100000e+02   5.7909039e-01   1.3715913e-01
   4.0200000e+02   5.8197581e-01   1.4142361e-01
   4.0300000e+02   5.8001250e-01   1.3833652e-01
   4.0400000e+02   5.7379288e-01   1.4015306e-01
   4.0500000e+02   5.7636571e-01   1.3772258e-01
   4.0600000e+02   5.7161089e-01   1.2637051e-01
   4.0700000e+02   5.6800310e-01   1.3030255e-01
   4.0800000e+02   5.6494370e-01   1.1990546e-01
   4.0900000e+02   5.5395479e-01   1.1875378e-01
   4.1000000e+02   5.6091947e-01   1.2609107e-01
   4.1100000e+02   5.6825940e-01   1.3444184e-01
   4.1200000e+02   5.6954691e-01   1.3962524e-01
   4.1300000e+02   5.7783902e-01   1.4511499e-01
   4.1400000e+02   5.8501997e-01   1.4530256e-01
   4.1500000e+02   5.8223141e-01   1.4061230e-01
   4.1600000e+02   5.8235396e-01   1.3182618e-01
   4.1700000e+02   5.9098748e-01   1.4176029e-01
   4.1800000e+02   5.9490277e-01   1.4058653e-01
   4.1900000e+02   5.8282294e-01   1.4087175e-01
   4.2000000e+02   5.7838335e-01   1.4268240e-01
   4.2100000e+02   5.7217024e-01   1.4264402e-01
   4.2200000e+02   5.7995004e-01   1.4122694e-01
   4.2300000e+02   5.8617431e-01   1.4621415e-01
   4.2400000e+02   5.9469073e-01   1.5184053e-01
   4.2500000e+02   5.9458009e-01   1.4461097e-01
   4.2600000e+02   5.9668943e-01   1.3399076e-01
   4.2700000e+02   6.0071853e-01   1.3906504e-01
   4.2800000e+02   5.9938415e-01   1.3977933e-01
   4.2900000e+02   5.8948864e-01   1.4196992e-01
   4.3000000e+02   5.8681706e-01   1.4432840e-01
   4.3100000e+02   5.7779886e-01   1.4317759e-01
   4.3200000e+02   5.7490003e-01   1.3123332e-01
   4.3300000e+02   5.8090652e-01   1.2431067e-01
   4.3400000e+02   5.9338844e-01   1.3536098e-01
   4.3500000e+02   5.9626981e-01   1.3695720e-01
   4.3600000e+02   5.9713787e-01   1.2534915e-01
   4.3700000e+02   5.9656433e-01   1.4073602e-01
   4.3800000e+02   5.9645804e-01   1.4467942e-01
   4.3900000e+02   5.9517807e-01   1.4472575e-01
   4.4000000e+02   6.0231528e-01   1.3845965e-01
   4.4100000e+02   6.0491121e-01   1.3772928e-01
   4.4200000e+02   6.0278281e-01   1.3613465e-01
   4.4300000e+02   6.0028314e-01   1.4781065e-01
   4.4400000e+02   6.0297928e-01   1.5158011e-01
   4.4500000e+02   5.9137640e-01   1.5098659e-01
   4.4600000e+02   5.8571512e-01   1.4758966e-01
   4.4700000e+02   6.0255793e-01   1.5065365e-01
   4.4800000e+02   6.0486173e-01   1.4234477e-01
   4.4900000e+02   5.9627968e-01   1.4391362e-01
   4.5000000e+02   5.9192113e-01   1.4718282e-01
   4.5100000e+02   5.9930065e-01   1.4635553e-01
   4.5200000e+02   6.0699878e-01   1.4662953e-01
   4.5300000e+02   6.0437241e-01   1.4393375e-01
   4.5400000e+02   6.0768497e-01   1.4479552e-01
   4.5500000e+02   6.0174335e-01   1.4564731e-01
   4.5600000e+02   5.9691111e-01   1.3673758e-01
   4.5700000e+02   6.0655256e-01   1.4902264e-01
   4.5800000e+02   6.1010856e-01   1.5183143e-01
   4.5900000e+02   6.0455190e-01   1.4371695e-01
   4.6000000e+02   6.0694996e-01   1.3919222e-01
   4.6100000e+02   6.1510655e-01   1.5629721e-01
   4.6200000e+02   6.2266186e-01   1.5841259e-01
   4.6300000e+02   6.2475195e-01   1.5239039e-01
   4.6400000e+02   6.2172579e-01   1.4641554e-01
   4.6500000e+02   6.1416904e-01   1.4131460e-01
   4.6600000e+02   6.1507851e-01   1.4135734e-01
   4.6700000e+02   6.2737222e-01   1.4101271e-01
   4.6800000e+02   6.3819916e-01   1.4363376e-01
   4.6900000e+02   6.3329201e-01   1.3777112e-01
   4.7000000e+02   6.2964796e-01   1.4207581e-01
   4.7100000e+02   6.2740299e-01   1.4858339e-01
   4.7200000e+02   6.2907667e-01   1.4732149e-01
   4.7300000e+02   6.3490070e-01   1.4758866e-01
   4.7400000e+02   6.4208272e-01   1.5203795e-01
   4.7500000e+02   6.3169399e-01   1.4670783e-01
   4.7600000e+02   6.2720781e-01   1.4545447e-01
   4.7700000e+02   6.3124290e-01   1.4393034e-01
   4.7800000e+02   6.3924900e-01   1.5063804e-01
   4.7900000e+02   6.3210890e-01   1.4767127e-01
   4.8000000e+02   6.3486707e-01   1.4395065e-01
   4.8100000e+02   6.3729589e-01   1.5366628e-01
   4.8200000e+02   6.4146584e-01   1.5546214e-01
   4.8300000e+02   6.3882886e-01   1.5200593e-01
   4.8400000e+02   6.4570732e-01   1.5850212e-01
   4.8500000e+02   6.4230920e-01   1.5702502e-01
   4.8600000e+02   6.4624437e-01   1.5599813e-01
   4.8700000e+02   6.4931303e-01   1.5695724e-01
   4.8800000e+02   6.5529937e-01   1.5450243e-01
   4.8900000e+02   6.5044881e-01   1.4680160e-01
   4.9000000e+02   6.5235943e-01   1.5145263e-01
   4.9100000e+02   6.5954637e-01   1.6250666e-01
   4.9200000e+02   6.6603317e-01   1.6137582e-01
   4.9300000e+02   6.6779889e-01   1.5146825e-01
   4.9400000e+02   6.6924133e-01   1.5485925e-01
   4.9500000e+02   6.6631213e-01   1.7693881e-01
   4.9600000e+02   6.7653269e-01   1.7822023e-01
   4.9700000e+02   6.7735943e-01   1.7823948e-01
   4.9800000e+02   6.8221837e-01   1.7911032e-01
   4.9900000e+02   6.8438883e-01   1.6929154e-01
   5.0000000e+02   6.8713398e-01   1.7295847e-01
   5.0100000e+02   6.7861891e-01   1.7741932e-01
   5.0200000e+02   6.7227983e-01   1.7481287e-01
   5.0300000e+02   6.7465983e-01   1.7386608e-01
   5.0400000e+02   6.7540019e-01   1.7384540e-01
   5.0500000e+02   6.7309048e-01   1.7676192e-01
   5.0600000e+02   6.7872636e-01   1.6860890e-01
   5.0700000e+02   6.8302873e-01   1.6891159e-01
   5.0800000e+02   6.8189225e-01   1.7596655e-01
   5.0900000e+02   6.8087064e-01   1.6968897e-01
   5.1000000e+02   6.8581879e-01   1.6992120e-01
   5.1100000e+02   6.8536361e-01   1.6861051e-01
   5.1200000e+02   6.8062502e-01   1.6923596e-01
   5.1300000e+02   6.8203340e-01   1.5697011e-01
   5.1400000e+02   6.8639281e-01   1.5517885e-01
   5.1500000e+02   6.8471442e-01   1.6060663e-01
   5.1600000e+02   6.8762487e-01   1.5904543e-01
   5.1700000e+02   6.9625104e-01   1.6410881e-01
   5.1800000e+02   7.0712023e-01   1.8254925e-01
   5.1900000e+02   7.1365068e-01   1.8601080e-01
   5.2000000e+02   7.1198157e-01   1.8366782e-01
   5.2100000e+02   7.1101862e-01   1.8211068e-01
   5.2200000e+02   7.1110958e-01   1.8635157e-01
   5.2300000e+02   7.1792508e-01   1.8957120e-01
   5.2400000e+02   7.2098458e-01   1.8006042e-01
   5.2500000e+02   7.1280414e-01   1.6688928e-01
   5.2600000e+02   7.0226201e-01   1.6041067e-01
   5.2700000e+02   7.0303069e-01   1.7037497e-01
   5.2800000e+02   7.0498085e-01   1.8819598e-01
   5.2900000e+02   7.1169147e-01   1.7511795e-01
   5.3000000e+02   7.1676136e-01   1.8036146e-01
   5.3100000e+02   7.2341576e-01   1.8345801e-01
   5.3200000e+02   7.3164626e-01   1.8373673e-01
   5.3300000e+02   7.4146579e-01   1.8690487e-01
   5.3400000e+02   7.3737292e-01   1.9507491e-01
   5.3500000e+02   7.3795125e-01   1.9152727e-01
   5.3600000e+02   7.4292439e-01   1.8090729e-01
   5.3700000e+02   7.4653728e-01   1.7866021e-01
   5.3800000e+02   7.5095576e-01   1.9436838e-01
   5.3900000e+02   7.5364840e-01   1.8669685e-01
   5.4000000e+02   7.4561561e-01   1.8164987e-01
   5.4100000e+02   7.3830199e-01   1.8449093e-01
   5.4200000e+02   7.3901846e-01   1.8387520e-01
   5.4300000e+02   7.4757312e-01   1.9084561e-01
   5.4400000e+02   7.5475009e-01   2.0113423e-01
   5.4500000e+02   7.5260221e-01   2.0433747e-01
   5.4600000e+02   7.5808044e-01   1.8666259e-01
   5.4700000e+02   7.6759619e-01   1.8195892e-01
   5.4800000e+02   7.7449827e-01   1.8548066e-01
   5.4900000e+02   7.8169495e-01   1.7589496e-01
   5.5000000e+02   7.7559894e-01   1.6977234e-01
   5.5100000e+02   7.6378392e-01   1.7040409e-01
   5.5200000e+02   7.5378231e-01   1.7773489e-01
   5.5300000e+02   7.5160112e-01   1.8359103e-01
   5.5400000e+02   7.5503482e-01   1.9269922e-01
   5.5500000e+02   7.6770332e-01   2.0696294e-01
   5.5600000e+02   7.7334448e-01   1.9829520e-01
   5.5700000e+02   7.8030033e-01   1.8983568e-01
   5.5800000e+02   7.8838243e-01   1.9644397e-01
   5.5900000e+02   8.0021862e-01   1.9647386e-01
   5.6000000e+02   8.0323608e-01   1.9923608e-01
   5.6100000e+02   7.9160818e-01   2.0933615e-01
   5.6200000e+02   7.8425829e-01   2.1718619e-01
   5.6300000e+02   7.9326859e-01   2.2226976e-01
   5.6400000e+02   7.9841581e-01   2.1169741e-01
   5.6500000e+02   8.1770894e-01   2.0730867e-01
   5.6600000e+02   8.3206606e-01   2.0349470e-01
   5.6700000e+02   8.3553013e-01   2.0288054e-01
   5.6800000e+02   8.2652892e-01   1.9910546e-01
   5.6900000e+02   8.3321994e-01   1.9508653e-01
   5.7000000e+02   8.4951612e-01   1.9802189e-01
   5.7100000e+02   8.5994350e-01   2.0864034e-01
   5.7200000e+02   8.5981100e-01   2.1037000e-01
   5.7300000e+02   8.6173952e-01   1.9849473e-01
   5.7400000e+02   8.7392104e-01   1.9412466e-01
   5.7500000e+02   8.9732027e-01   2.0212224e-01
   5.7600000e+02   9.0818835e-01   2.0775752e-01
   5.7700000e+02   9.1211238e-01   2.0369153e-01
   5.7800000e+02   8.9549985e-01   2.1033472e-01
   5.7900000e+02   8.9354009e-01   2.1404178e-01
   5.8000000e+02   8.9721086e-01   2.1424433e-01
   5.8100000e+02   9.0189626e-01   2.1578316e-01
   5.8200000e+02   9.1488831e-01   2.2244554e-01
   5.8300000e+02   9.3229710e-01   2.2271566e-01
   5.8400000e+02   9.3168002e-01   2.1293563e-01
   5.8500000e+02   9.2989601e-01   2.0199376e-01
   5.8600000e+02   9.2701128e-01   1.9794973e-01
   5.8700000e+02   9.3847776e-01   1.9859287e-01
   5.8800000e+02   9.4789270e-01   2.0684542e-01
   5.8900000e+02   9.5697565e-01   2.2458049e-01
   5.9000000e+02   9.5890620e-01   2.3283152e-01
   5.9100000e+02   9.5797628e-01   2.2812697e-01
   5.9200000e+02   9.6689035e-01   2.1901437e-01
   5.9300000e+02   9.8434983e-01   2.2542666e-01
   5.9400000e+02   9.9695964e-01   2.3069269e-01
   5.9500000e+02   1.0051273e+00   2.2980480e-01
   5.9600000e+02   1.0004080e+00   2.2591077e-01
   5.9700000e+02   1.0020308e+00   2.2443633e-01
   5.9800000e+02   1.0109015e+00   2.3211321e-01
   5.9900000e+02   1.0272297e+00   2.3307782e-01
   6.0000000e+02   1.0359128e+00   2.2585055e-01
