   0.0000000e+00   0.0000000e+00   0.0000000e+00
   1.0000000e+00   0.0000000e+00   0.0000000e+00
   2.0000000e+00   0.0000000e+00   0.0000000e+00
   3.0000000e+00   0.0000000e+00   0.0000000e+00
   4.0000000e+00   0.0000000e+00   0.0000000e+00
   5.0000000e+00   0.0000000e+00   0.0000000e+00
   6.0000000e+00   0.0000000e+00   0.0000000e+00
   7.0000000e+00   0.0000000e+00   0.0000000e+00
   8.0000000e+00   0.0000000e+00   0.0000000e+00
   9.0000000e+00   0.0000000e+00   0.0000000e+00
   1.0000000e+01   0.0000000e+00   0.0000000e+00
   1.1000000e+01   0.0000000e+00   0.0000000e+00
   1.2000000e+01   0.0000000e+00   0.0000000e+00
   1.3000000e+01   0.0000000e+00   0.0000000e+00
   1.4000000e+01   0.0000000e+00   0.0000000e+00
   1.5000000e+01   0.0000000e+00   0.0000000e+00
   1.6000000e+01   0.0000000e+00   0.0000000e+00
   1.7000000e+01   0.0000000e+00   0.0000000e+00
   1.8000000e+01   0.0000000e+00   0.0000000e+00
   1.9000000e+01   0.0000000e+00   0.0000000e+00
   2.0000000e+01   0.0000000e+00   0.0000000e+00
   2.1000000e+01   0.0000000e+00   0.0000000e+00
   2.2000000e+01   0.0000000e+00   0.0000000e+00
   2.3000000e+01   0.0000000e+00   0.0000000e+00
   2.4000000e+01   0.0000000e+00   0.0000000e+00
   2.5000000e+01   0.0000000e+00   0.0000000e+00
   2.6000000e+01   0.0000000e+00   0.0000000e+00
   2.7000000e+01   0.0000000e+00   0.0000000e+00
   2.8000000e+01   0.0000000e+00   0.0000000e+00
   2.9000000e+01   0.0000000e+00   0.0000000e+00
   3.0000000e+01   0.0000000e+00   0.0000000e+00
   3.1000000e+01   0.0000000e+00   0.0000000e+00
   3.2000000e+01   0.0000000e+00   0.0000000e+00
   3.3000000e+01   0.0000000e+00   0.0000000e+00
   3.4000000e+01   0.0000000e+00   0.0000000e+00
   3.5000000e+01   0.0000000e+00   0.0000000e+00
   3.6000000e+01   0.0000000e+00   0.0000000e+00
   3.7000000e+01   0.0000000e+00   0.0000000e+00
   3.8000000e+01   0.0000000e+00   0.0000000e+00
   3.9000000e+01   0.0000000e+00   0.0000000e+00
   4.0000000e+01   0.0000000e+00   0.0000000e+00
   4.1000000e+01   0.0000000e+00   0.0000000e+00
   4.2000000e+01   0.0000000e+00   0.0000000e+00
   4.3000000e+01   0.0000000e+00   0.0000000e+00
   4.4000000e+01   0.0000000e+00   0.0000000e+00
   4.5000000e+01   0.0000000e+00   0.0000000e+00
   4.6000000e+01   0.0000000e+00   0.0000000e+00
   4.7000000e+01   0.0000000e+00   0.0000000e+00
   4.8000000e+01   0.0000000e+00   0.0000000e+00
   4.9000000e+01   0.0000000e+00   0.0000000e+00
   5.0000000e+01   0.0000000e+00   0.0000000e+00
   5.1000000e+01   0.0000000e+00   0.0000000e+00
   5.2000000e+01   0.0000000e+00   0.0000000e+00
   5.3000000e+01   0.0000000e+00   0.0000000e+00
   5.4000000e+01   0.0000000e+00   0.0000000e+00
   5.5000000e+01   0.0000000e+00   0.0000000e+00
   5.6000000e+01   0.0000000e+00   0.0000000e+00
   5.7000000e+01   0.0000000e+00   0.0000000e+00
   5.8000000e+01   0.0000000e+00   0.0000000e+00
   5.9000000e+01   0.0000000e+00   0.0000000e+00
   6.0000000e+01   0.0000000e+00   0.0000000e+00
   6.1000000e+01   0.0000000e+00   0.0000000e+00
   6.2000000e+01   0.0000000e+00   0.0000000e+00
   6.3000000e+01   0.0000000e+00   0.0000000e+00
   6.4000000e+01   0.0000000e+00   0.0000000e+00
   6.5000000e+01   0.0000000e+00   0.0000000e+00
   6.6000000e+01   0.0000000e+00   0.0000000e+00
   6.7000000e+01   0.0000000e+00   0.0000000e+00
   6.8000000e+01   0.0000000e+00   0.0000000e+00
   6.9000000e+01   0.0000000e+00   0.0000000e+00
   7.0000000e+01   0.0000000e+00   0.0000000e+00
   7.1000000e+01   0.0000000e+00   0.0000000e+00
   7.2000000e+01   0.0000000e+00   0.0000000e+00
   7.3000000e+01   0.0000000e+00   0.0000000e+00
   7.4000000e+01   0.0000000e+00   0.0000000e+00
   7.5000000e+01   0.0000000e+00   0.0000000e+00
   7.6000000e+01   0.0000000e+00   0.0000000e+00
   7.7000000e+01   0.0000000e+00   0.0000000e+00
   7.8000000e+01   0.0000000e+00   0.0000000e+00
   7.9000000e+01   0.0000000e+00   0.0000000e+00
   8.0000000e+01   0.0000000e+00   0.0000000e+00
   8.1000000e+01   0.0000000e+00   0.0000000e+00
   8.2000000e+01   0.0000000e+00   0.0000000e+00
   8.3000000e+01   0.0000000e+00   0.0000000e+00
   8.4000000e+01   0.0000000e+00   0.0000000e+00
   8.5000000e+01   0.0000000e+00   0.0000000e+00
   8.6000000e+01   0.0000000e+00   0.0000000e+00
   8.7000000e+01   0.0000000e+00   0.0000000e+00
   8.8000000e+01   0.0000000e+00   0.0000000e+00
   8.9000000e+01   0.0000000e+00   0.0000000e+00
   9.0000000e+01   0.0000000e+00   0.0000000e+00
   9.1000000e+01   0.0000000e+00   0.0000000e+00
   9.2000000e+01   0.0000000e+00   0.0000000e+00
   9.3000000e+01   0.0000000e+00   0.0000000e+00
   9.4000000e+01   0.0000000e+00   0.0000000e+00
   9.5000000e+01   0.0000000e+00   0.0000000e+00
   9.6000000e+01   0.0000000e+00   0.0000000e+00
   9.7000000e+01   0.0000000e+00   0.0000000e+00
   9.8000000e+01   0.0000000e+00   0.0000000e+00
   9.9000000e+01   0.0000000e+00   0.0000000e+00
   1.0000000e+02  -9.9836333e-03   9.5950550e-02
   1.0100000e+02  -9.0961450e-03   9.5195222e-02
   1.0200000e+02  -1.0504491e-02   9.5972092e-02
   1.0300000e+02  -1.1695581e-02   9.4284331e-02
   1.0400000e+02  -1.0080471e-02   9.6178558e-02
   1.0500000e+02  -8.9265587e-03   9.7614774e-02
   1.0600000e+02  -8.9510615e-03   9.8773068e-02
   1.0700000e+02  -9.5763781e-03   9.7698476e-02
   1.0800000e+02  -9.7989775e-03   9.7858517e-02
   1.0900000e+02  -8.6343414e-03   9.6696497e-02
   1.1000000e+02  -1.0743939e-02   9.6998716e-02
   1.1100000e+02  -1.0895875e-02   9.7632161e-02
   1.1200000e+02  -1.1623468e-02   1.0109024e-01
   1.1300000e+02  -8.8486047e-03   9.9918299e-02
   1.1400000e+02  -6.7394544e-03   9.7964662e-02
   1.1500000e+02  -6.7190079e-03   9.6897037e-02
   1.1600000e+02  -5.2759074e-03   9.6102825e-02
   1.1700000e+02  -5.1569281e-03   9.7106706e-02
   1.1800000e+02  -5.2039724e-03   9.7064931e-02
   1.1900000e+02  -5.3815016e-03   9.7080211e-02
   1.2000000e+02  -7.1232289e-03   9.7613737e-02
   1.2100000e+02  -7.4766162e-03   9.5729135e-02
   1.2200000e+02  -6.5251185e-03   9.7218660e-02
   1.2300000e+02  -6.6524133e-03   9.7790198e-02
   1.2400000e+02  -5.3684967e-03   9.5028895e-02
   1.2500000e+02  -3.5596052e-03   9.4420192e-02
   1.2600000e+02  -2.5565508e-03   9.4712316e-02
   1.2700000e+02  -2.0123583e-03   9.4695931e-02
   1.2800000e+02  -1.0089731e-03   9.4318489e-02
   1.2900000e+02  -1.9662322e-03   9.7209488e-02
   1.3000000e+02  -3.1847120e-03   9.8635929e-02
   1.3100000e+02  -3.2279842e-03   9.9236628e-02
   1.3200000e+02  -4.4626493e-03   9.8988779e-02
   1.3300000e+02  -6.3412175e-03   9.8345299e-02
   1.3400000e+02  -6.0312403e-03   9.9272061e-02
   1.3500000e+02  -7.9503567e-03   9.8459291e-02
   1.3600000e+02  -1.0241706e-02   9.7660985e-02
   1.3700000e+02  -9.6827740e-03   9.8450584e-02
   1.3800000e+02  -9.0492572e-03   9.9860169e-02
   1.3900000e+02  -9.7386615e-03   1.0145297e-01
   1.4000000e+02  -1.1436745e-02   1.0209397e-01
   1.4100000e+02  -1.2491550e-02   1.0122693e-01
   1.4200000e+02  -1.1286086e-02   1.0093194e-01
   1.4300000e+02  -1.3636198e-02   1.0235892e-01
   1.4400000e+02  -1.3540692e-02   1.0190750e-01
   1.4500000e+02  -1.3592664e-02   1.0285760e-01
   1.4600000e+02  -1.1391504e-02   1.0411388e-01
   1.4700000e+02  -1.1097852e-02   1.0215282e-01
   1.4800000e+02  -1.2961166e-02   1.0117007e-01
   1.4900000e+02  -1.4320175e-02   1.0063547e-01
   1.5000000e+02  -1.3170221e-02   1.0085524e-01
   1.5100000e+02  -1.3218620e-02   1.0058919e-01
   1.5200000e+02  -1.5004715e-02   1.0073549e-01
   1.5300000e+02  -1.5240861e-02   1.0072069e-01
   1.5400000e+02  -1.5443969e-02   1.0253520e-01
   1.5500000e+02  -1.5240880e-02   1.0277273e-01
   1.5600000e+02  -1.6098065e-02   1.0500032e-01
   1.5700000e+02  -1.3874418e-02   1.0627195e-01
   1.5800000e+02  -1.3281392e-02   1.0780271e-01
   1.5900000e+02  -1.4158206e-02   1.0796099e-01
   1.6000000e+02  -1.2976296e-02   1.0814763e-01
   1.6100000e+02  -1.2294456e-02   1.0736245e-01
   1.6200000e+02  -9.7457032e-03   1.0825200e-01
   1.6300000e+02  -9.8478965e-03   1.0777768e-01
   1.6400000e+02  -1.1209200e-02   1.0774820e-01
   1.6500000e+02  -1.1034408e-02   1.0848685e-01
   1.6600000e+02  -8.9083412e-03   1.0684118e-01
   1.6700000e+02  -9.5173415e-03   1.0734003e-01
   1.6800000e+02  -1.0936883e-02   1.0636770e-01
   1.6900000e+02  -8.1259344e-03   1.0670814e-01
   1.7000000e+02  -7.0890436e-03   1.0948949e-01
   1.7100000e+02  -6.9259121e-03   1.0953285e-01
   1.7200000e+02  -9.2292206e-03   1.0710503e-01
   1.7300000e+02  -1.0255623e-02   1.0826623e-01
   1.7400000e+02  -1.2232006e-02   1.0721993e-01
   1.7500000e+02  -1.3709958e-02   1.0574294e-01
   1.7600000e+02  -1.3367437e-02   1.0429216e-01
   1.7700000e+02  -1.0085072e-02   1.0329422e-01
   1.7800000e+02  -9.9058757e-03   1.0167026e-01
   1.7900000e+02  -8.0639868e-03   1.0148197e-01
   1.8000000e+02  -7.9491455e-03   1.0160232e-01
   1.8100000e+02  -1.0773344e-02   1.0130203e-01
   1.8200000e+02  -1.0854998e-02   1.0071265e-01
   1.8300000e+02  -1.1496300e-02   1.0073565e-01
   1.8400000e+02  -1.2634948e-02   9.8679825e-02
   1.8500000e+02  -1.0088517e-02   9.6987382e-02
   1.8600000e+02  -1.0985741e-02   9.6182143e-02
   1.8700000e+02  -6.2824519e-03   9.4415965e-02
   1.8800000e+02  -5.8172590e-03   9.5175545e-02
   1.8900000e+02  -6.8292880e-03   9.5529529e-02
   1.9000000e+02  -6.5308533e-03   9.6501537e-02
   1.9100000e+02  -6.1788291e-03   9.6307752e-02
   1.9200000e+02  -6.6434945e-03   9.4675430e-02
   1.9300000e+02  -9.9925248e-03   9.6145321e-02
   1.9400000e+02  -6.6991907e-03   9.5827483e-02
   1.9500000e+02  -8.6432978e-03   9.5464037e-02
   1.9600000e+02  -1.0059495e-02   9.2748290e-02
   1.9700000e+02  -1.1235204e-02   9.2903453e-02
   1.9800000e+02  -9.8337226e-03   9.3694653e-02
   1.9900000e+02  -1.1079302e-02   9.4674072e-02
   2.0000000e+02  -1.2316497e-02   9.4592063e-02
   2.0100000e+02  -1.2526896e-02   9.4804875e-02
   2.0200000e+02  -1.2134552e-02   9.3433808e-02
   2.0300000e+02  -1.2787269e-02   9.5402274e-02
   2.0400000e+02  -1.5781230e-02   9.5608766e-02
   2.0500000e+02  -1.8899116e-02   9.8020559e-02
   2.0600000e+02  -1.8833145e-02   9.9351019e-02
   2.0700000e+02  -1.8863052e-02   9.8164417e-02
   2.0800000e+02  -1.6359480e-02   9.8517059e-02
   2.0900000e+02  -1.5351856e-02   9.8040096e-02
   2.1000000e+02  -1.4760890e-02   9.6156855e-02
   2.1100000e+02  -1.2710296e-02   9.8479246e-02
   2.1200000e+02  -1.2582834e-02   9.8114197e-02
   2.1300000e+02  -1.3632757e-02   9.7094873e-02
   2.1400000e+02  -1.3110586e-02   9.6822714e-02
   2.1500000e+02  -1.4597332e-02   9.6127700e-02
   2.1600000e+02  -1.5307587e-02   9.9496446e-02
   2.1700000e+02  -1.5798379e-02   9.8527932e-02
   2.1800000e+02  -1.6961695e-02   1.0037336e-01
   2.1900000e+02  -1.9319954e-02   9.8808959e-02
   2.2000000e+02  -1.8401643e-02   1.0011253e-01
   2.2100000e+02  -1.7706542e-02   1.0135435e-01
   2.2200000e+02  -1.9046117e-02   1.0209340e-01
   2.2300000e+02  -1.9102161e-02   1.0334358e-01
   2.2400000e+02  -1.6876700e-02   1.0501841e-01
   2.2500000e+02  -1.7905529e-02   1.0356783e-01
   2.2600000e+02  -2.0340115e-02   1.0339076e-01
   2.2700000e+02  -2.0739830e-02   1.0315903e-01
   2.2800000e+02  -2.3581422e-02   9.9484051e-02
   2.2900000e+02  -2.1959894e-02   9.8863440e-02
   2.3000000e+02  -2.1028201e-02   9.8633847e-02
   2.3100000e+02  -2.0122624e-02   9.7741984e-02
   2.3200000e+02  -2.0200523e-02   9.8357119e-02
   2.3300000e+02  -1.9151499e-02   9.9205867e-02
   2.3400000e+02  -1.9137942e-02   1.0066400e-01
   2.3500000e+02  -1.8105113e-02   9.8819618e-02
   2.3600000e+02  -1.8964300e-02   9.9011731e-02
   2.3700000e+02  -1.9402041e-02   1.0049364e-01
   2.3800000e+02  -1.5871551e-02   1.0127474e-01
   2.3900000e+02  -1.4763244e-02   9.9629972e-02
   2.4000000e+02  -1.4255961e-02   9.8130240e-02
   2.4100000e+02  -1.4004385e-02   9.9135118e-02
   2.4200000e+02  -1.2836463e-02   9.8240509e-02
   2.4300000e+02  -1.1573766e-02   9.5457938e-02
   2.4400000e+02  -1.1807537e-02   9.4464357e-02
   2.4500000e+02  -1.0288420e-02   9.4219070e-02
   2.4600000e+02  -1.0967065e-02   9.2994662e-02
   2.4700000e+02  -1.0519723e-02   9.2052076e-02
   2.4800000e+02  -1.0611198e-02   9.1597266e-02
   2.4900000e+02  -1.1374494e-02   9.0984085e-02
   2.5000000e+02  -1.1615747e-02   9.3320567e-02
   2.5100000e+02  -1.4433123e-02   9.2855917e-02
   2.5200000e+02  -1.1778029e-02   9.4275355e-02
   2.5300000e+02  -1.3166063e-02   9.2395330e-02
   2.5400000e+02  -1.2911077e-02   9.3760278e-02
   2.5500000e+02  -1.3595435e-02   9.4671577e-02
   2.5600000e+02  -1.3620750e-02   9.3144035e-02
   2.5700000e+02  -1.5164213e-02   9.3927053e-02
   2.5800000e+02  -1.4840535e-02   9.0888749e-02
   2.5900000e+02  -1.5233377e-02   9.2592890e-02
   2.6000000e+02  -1.6443631e-02   9.4752449e-02
   2.6100000e+02  -1.5936968e-02   9.4428920e-02
   2.6200000e+02  -1.5993980e-02   9.2996649e-02
   2.6300000e+02  -1.4966590e-02   9.5204104e-02
   2.6400000e+02  -1.5565683e-02   9.6331944e-02
   2.6500000e+02  -1.5241467e-02   9.6606068e-02
   2.6600000e+02  -1.7292850e-02   9.6308479e-02
   2.6700000e+02  -1.6195825e-02   9.8180042e-02
   2.6800000e+02  -1.4894822e-02   9.9251626e-02
   2.6900000e+02  -1.4792421e-02   9.9118360e-02
   2.7000000e+02  -1.5650776e-02   1.0235597e-01
   2.7100000e+02  -1.4466142e-02   1.0148986e-01
   2.7200000e+02  -1.3123203e-02   9.7712704e-02
   2.7300000e+02  -1.1935559e-02   9.7120483e-02
   2.7400000e+02  -8.8188658e-03   9.8118780e-02
   2.7500000e+02  -5.4603643e-03   9.6523627e-02
   2.7600000e+02  -6.2458233e-03   9.6829272e-02
   2.7700000e+02  -4.4429271e-03   9.8899446e-02
   2.7800000e+02  -4.7636087e-03   1.0127083e-01
   2.7900000e+02  -5.6460230e-03   1.0156387e-01
   2.8000000e+02  -4.6951771e-03   1.0430637e-01
   2.8100000e+02  -2.9484632e-03   1.0580198e-01
   2.8200000e+02  -3.6370598e-03   1.0703907e-01
   2.8300000e+02  -3.3240533e-03   1.0704751e-01
   2.8400000e+02  -4.1787985e-03   1.0430496e-01
   2.8500000e+02  -3.5685886e-03   1.0251401e-01
   2.8600000e+02  -5.7270369e-04   1.0165825e-01
   2.8700000e+02  -2.3984892e-03   1.0292742e-01
   2.8800000e+02  -2.0920477e-03   9.9994185e-02
   2.8900000e+02  -1.8923711e-03   1.0127354e-01
   2.9000000e+02   5.7369352e-04   1.0243533e-01
   2.9100000e+02   2.8418736e-04   1.0027570e-01
   2.9200000e+02   8.1466460e-04   1.0180418e-01
   2.9300000e+02   9.2601106e-04   1.0290320e-01
   2.9400000e+02  -9.2794854e-04   1.0268751e-01
   2.9500000e+02   1.3018343e-03   1.0279325e-01
   2.9600000e+02   2.6411280e-03   1.0234381e-01
   2.9700000e+02   2.5913178e-03   1.0530647e-01
   2.9800000e+02   2.0496755e-03   1.0409626e-01
   2.9900000e+02   3.4062423e-03   1.0573710e-01
   3.0000000e+02   3.1236776e-03   1.0351585e-01
   3.0100000e+02   2.8487709e-03   1.0151571e-01
   3.0200000e+02   4.3929574e-03   1.0048025e-01
   3.0300000e+02   6.5878699e-03   1.0213173e-01
   3.0400000e+02   7.2409679e-03   1.0305750e-01
   3.0500000e+02   1.0109925e-02   1.0284708e-01
   3.0600000e+02   9.5851933e-03   1.0609999e-01
   3.0700000e+02   1.1368105e-02   1.0411951e-01
   3.0800000e+02   9.2570021e-03   1.0588026e-01
   3.0900000e+02   7.1674830e-03   1.0582213e-01
   3.1000000e+02   7.7371989e-03   1.0659740e-01
   3.1100000e+02   8.7018629e-03   1.0656462e-01
   3.1200000e+02   8.1857521e-03   1.0545948e-01
   3.1300000e+02   8.8949845e-03   1.0883265e-01
   3.1400000e+02   9.8317648e-03   1.1080422e-01
   3.1500000e+02   1.0871790e-02   1.0776437e-01
   3.1600000e+02   1.2422693e-02   1.0845674e-01
   3.1700000e+02   1.4114184e-02   1.1023549e-01
   3.1800000e+02   1.4536541e-02   1.0722699e-01
   3.1900000e+02   1.6774600e-02   1.0655407e-01
   3.2000000e+02   1.6670548e-02   1.0519424e-01
   3.2100000e+02   1.7567997e-02   1.0443527e-01
   3.2200000e+02   1.7931041e-02   1.0302961e-01
   3.2300000e+02   1.8123865e-02   1.0302919e-01
   3.2400000e+02   1.5505189e-02   1.0131088e-01
   3.2500000e+02   1.4688291e-02   1.0188451e-01
   3.2600000e+02   1.4233483e-02   1.0333369e-01
   3.2700000e+02   1.4584800e-02   1.0367933e-01
   3.2800000e+02   1.5625747e-02   1.0346556e-01
   3.2900000e+02   1.6204073e-02   1.0147114e-01
   3.3000000e+02   1.7605567e-02   1.0175107e-01
   3.3100000e+02   1.8731442e-02   1.0159982e-01
   3.3200000e+02   2.0484179e-02   1.0452386e-01
   3.3300000e+02   2.0396443e-02   1.0360678e-01
   3.3400000e+02   2.0043234e-02   1.0224002e-01
   3.3500000e+02   2.0614418e-02   1.0139208e-01
   3.3600000e+02   2.2831377e-02   1.0346533e-01
   3.3700000e+02   2.2092061e-02   1.0433027e-01
   3.3800000e+02   2.0262375e-02   1.0549057e-01
   3.3900000e+02   1.9049943e-02   1.0674156e-01
   3.4000000e+02   1.9459697e-02   1.0755572e-01
   3.4100000e+02   2.0469458e-02   1.0891606e-01
   3.4200000e+02   1.9749799e-02   1.0848869e-01
   3.4300000e+02   1.7909157e-02   1.0563625e-01
   3.4400000e+02   2.0477813e-02   1.0730340e-01
   3.4500000e+02   2.0124408e-02   1.0810767e-01
   3.4600000e+02   1.9600639e-02   1.0933931e-01
   3.4700000e+02   2.1473653e-02   1.1054197e-01
   3.4800000e+02   1.9801918e-02   1.1180480e-01
   3.4900000e+02   2.1779534e-02   1.1311648e-01
   3.5000000e+02   2.2430474e-02   1.1499021e-01
   3.5100000e+02   2.4194625e-02   1.1563061e-01
   3.5200000e+02   2.2464714e-02   1.1592697e-01
   3.5300000e+02   2.6476649e-02   1.1288491e-01
   3.5400000e+02   2.7056488e-02   1.1261307e-01
   3.5500000e+02   2.9145536e-02   1.1268786e-01
   3.5600000e+02   2.9114055e-02   1.1077267e-01
   3.5700000e+02   2.9479964e-02   1.1096762e-01
   3.5800000e+02   2.8840751e-02   1.1007687e-01
   3.5900000e+02   2.9325448e-02   1.0735076e-01
   3.6000000e+02   2.9724464e-02   1.0697464e-01
   3.6100000e+02   2.8743950e-02   1.0623628e-01
   3.6200000e+02   2.9301372e-02   1.0672888e-01
   3.6300000e+02   3.0348618e-02   1.0577111e-01
   3.6400000e+02   3.1666258e-02   1.0573739e-01
   3.6500000e+02   3.2237624e-02   1.0655016e-01
   3.6600000e+02   3.3706534e-02   1.0811523e-01
   3.6700000e+02   3.5358309e-02   1.0913317e-01
   3.6800000e+02   3.4544479e-02   1.0790922e-01
   3.6900000e+02   3.4087645e-02   1.0953363e-01
   3.7000000e+02   3.5275148e-02   1.0786477e-01
   3.7100000e+02   3.4336624e-02   1.0735238e-01
   3.7200000e+02   3.4451119e-02   1.0810798e-01
   3.7300000e+02   3.5104609e-02   1.0692235e-01
   3.7400000e+02   3.5125152e-02   1.0467689e-01
   3.7500000e+02   3.5214131e-02   1.0654725e-01
   3.7600000e+02   3.7716705e-02   1.0514928e-01
   3.7700000e+02   3.4266207e-02   1.0211669e-01
   3.7800000e+02   3.5234366e-02   9.9953280e-02
   3.7900000e+02   3.7840346e-02   1.0286763e-01
   3.8000000e+02   3.8087655e-02   1.0152965e-01
   3.8100000e+02   3.8090870e-02   1.0239284e-01
   3.8200000e+02   3.9741318e-02   1.0258935e-01
   3.8300000e+02   3.9928199e-02   1.0222066e-01
   3.8400000e+02   4.0077925e-02   1.0100755e-01
   3.8500000e+02   4.1006798e-02   1.0571072e-01
   3.8600000e+02   3.9610396e-02   1.0456159e-01
   3.8700000e+02   4.1111832e-02   1.0520754e-01
   3.8800000e+02   4.3587908e-02   1.0566689e-01
   3.8900000e+02   4.4819742e-02   1.0699695e-01
   3.9000000e+02   4.5269480e-02   1.0557546e-01
   3.9100000e+02   4.6150839e-02   1.0669627e-01
   3.9200000e+02   4.6376861e-02   1.0830778e-01
   3.9300000e+02   4.8452298e-02   1.0890550e-01
   3.9400000e+02   4.8770805e-02   1.0762431e-01
   3.9500000e+02   5.0573588e-02   1.0788771e-01
   3.9600000e+02   5.1122618e-02   1.0610475e-01
   3.9700000e+02   5.0441217e-02   1.0637441e-01
   3.9800000e+02   4.8488307e-02   1.0548423e-01
   3.9900000e+02   4.8117832e-02   1.0349219e-01
   4.0000000e+02   4.7232846e-02   1.0390213e-01
   4.0100000e+02   4.6954768e-02   1.0320327e-01
   4.0200000e+02   4.6476592e-02   1.0252626e-01
   4.0300000e+02   4.4706552e-02   1.0255874e-01
   4.0400000e+02   4.5356802e-02   1.0356536e-01
   4.0500000e+02   4.3147362e-02   1.0361258e-01
   4.0600000e+02   4.3825648e-02   1.0340632e-01
   4.0700000e+02   4.2526315e-02   1.0204137e-01
   4.0800000e+02   4.5020373e-02   1.0080202e-01
   4.0900000e+02   4.8359463e-02   1.0051980e-01
   4.1000000e+02   4.9983832e-02   9.9534279e-02
   4.1100000e+02   4.9951541e-02   9.8790994e-02
   4.1200000e+02   5.3873932e-02   9.9767867e-02
   4.1300000e+02   5.6004081e-02   9.8060136e-02
   4.1400000e+02   5.7317838e-02   9.8648024e-02
   4.1500000e+02   5.8691825e-02   9.8160111e-02
   4.1600000e+02   5.8631898e-02   9.8608252e-02
   4.1700000e+02   5.8499035e-02   9.7381804e-02
   4.1800000e+02   6.0202140e-02   9.8687275e-02
   4.1900000e+02   5.7840246e-02   9.9943121e-02
   4.2000000e+02   5.5439990e-02   9.7923232e-02
   4.2100000e+02   5.7940760e-02   9.7576211e-02
   4.2200000e+02   5.9721000e-02   9.8376926e-02
   4.2300000e+02   6.0776980e-02   9.8815227e-02
   4.2400000e+02   6.1950846e-02   1.0042383e-01
   4.2500000e+02   6.3597856e-02   1.0004770e-01
   4.2600000e+02   6.4786935e-02   9.9932777e-02
   4.2700000e+02   6.7724110e-02   1.0092930e-01
   4.2800000e+02   6.8711572e-02   9.9913372e-02
   4.2900000e+02   6.8533787e-02   9.7840726e-02
   4.3000000e+02   6.9354586e-02   9.8738630e-02
   4.3100000e+02   6.9516373e-02   9.9849050e-02
   4.3200000e+02   7.1463516e-02   9.9648814e-02
   4.3300000e+02   7.5030754e-02   9.8766464e-02
   4.3400000e+02   7.6846626e-02   9.8924996e-02
   4.3500000e+02   7.6413573e-02   9.9421654e-02
   4.3600000e+02   7.8619886e-02   1.0023957e-01
   4.3700000e+02   7.9573025e-02   1.0012695e-01
   4.3800000e+02   8.1221988e-02   1.0251735e-01
   4.3900000e+02   7.9799559e-02   1.0209059e-01
   4.4000000e+02   8.1668315e-02   1.0379000e-01
   4.4100000e+02   8.3287151e-02   1.0568807e-01
   4.4200000e+02   8.5426628e-02   1.0506908e-01
   4.4300000e+02   8.7514558e-02   1.0438442e-01
   4.4400000e+02   8.7777702e-02   1.0506168e-01
   4.4500000e+02   8.8687327e-02   1.0500183e-01
   4.4600000e+02   9.1547436e-02   1.0502972e-01
   4.4700000e+02   9.0920383e-02   1.0453534e-01
   4.4800000e+02   9.3199285e-02   1.0508877e-01
   4.4900000e+02   9.4647104e-02   1.0384685e-01
   4.5000000e+02   9.5339279e-02   1.0241664e-01
   4.5100000e+02   9.8468457e-02   1.0273163e-01
   4.5200000e+02   1.0302770e-01   1.0211172e-01
   4.5300000e+02   1.0300266e-01   1.0175734e-01
   4.5400000e+02   1.0487592e-01   1.0077571e-01
   4.5500000e+02   1.0556822e-01   1.0133916e-01
   4.5600000e+02   1.0901311e-01   1.0125295e-01
   4.5700000e+02   1.0936977e-01   1.0094228e-01
   4.5800000e+02   1.1167025e-01   1.0033081e-01
   4.5900000e+02   1.1377834e-01   9.8141681e-02
   4.6000000e+02   1.1813842e-01   1.0008927e-01
   4.6100000e+02   1.2114415e-01   1.0005882e-01
   4.6200000e+02   1.2239451e-01   9.7722917e-02
   4.6300000e+02   1.2140478e-01   9.7534652e-02
   4.6400000e+02   1.2082902e-01   9.9446231e-02
   4.6500000e+02   1.2302715e-01   9.6592423e-02
   4.6600000e+02   1.2398487e-01   9.4636310e-02
   4.6700000e+02   1.2559666e-01   9.4322036e-02
   4.6800000e+02   1.2871481e-01   9.4053969e-02
   4.6900000e+02   1.3192372e-01   9.3146537e-02
   4.7000000e+02   1.3330818e-01   9.7005146e-02
   4.7100000e+02   1.3330857e-01   9.7501828e-02
   4.7200000e+02   1.3987094e-01   9.7841375e-02
   4.7300000e+02   1.4304772e-01   9.5909459e-02
   4.7400000e+02   1.4632650e-01   9.4601790e-02
   4.7500000e+02   1.4729224e-01   9.4091997e-02
   4.7600000e+02   1.4917258e-01   9.4418126e-02
   4.7700000e+02   1.5137200e-01   9.3097403e-02
   4.7800000e+02   1.5158069e-01   9.4639263e-02
   4.7900000e+02   1.5466719e-01   9.2699609e-02
   4.8000000e+02   1.5719699e-01   9.2919942e-02
   4.8100000e+02   1.6089643e-01   9.1443735e-02
   4.8200000e+02   1.6134633e-01   9.2118937e-02
   4.8300000e+02   1.6225802e-01   9.3261100e-02
   4.8400000e+02   1.6456050e-01   8.9984647e-02
   4.8500000e+02   1.6623692e-01   9.1789760e-02
   4.8600000e+02   1.7028444e-01   9.1968432e-02
   4.8700000e+02   1.7300668e-01   9.2541920e-02
   4.8800000e+02   1.7286488e-01   9.2813238e-02
   4.8900000e+02   1.7427981e-01   9.4078714e-02
   4.9000000e+02   1.7511888e-01   9.7440752e-02
   4.9100000e+02   1.7804636e-01   9.7681430e-02
   4.9200000e+02   1.8052192e-01   9.7832783e-02
   4.9300000e+02   1.8326451e-01   9.9557166e-02
   4.9400000e+02   1.8406145e-01   1.0355236e-01
   4.9500000e+02   1.8360594e-01   1.0550462e-01
   4.9600000e+02   1.8406245e-01   1.0465206e-01
   4.9700000e+02   1.8711257e-01   1.0375384e-01
   4.9800000e+02   1.8954411e-01   1.0424157e-01
   4.9900000e+02   1.9088727e-01   1.0281428e-01
   5.0000000e+02   1.9579748e-01   1.0140467e-01
   5.0100000e+02   1.9714135e-01   1.0372997e-01
   5.0200000e+02   1.9962725e-01   1.0438927e-01
   5.0300000e+02   2.0383454e-01   1.0645411e-01
   5.0400000e+02   2.0431343e-01   1.0534408e-01
   5.0500000e+02   2.0906722e-01   1.0637046e-01
   5.0600000e+02   2.1037343e-01   1.1042650e-01
   5.0700000e+02   2.1529577e-01   1.1057066e-01
   5.0800000e+02   2.1917566e-01   1.1315070e-01
   5.0900000e+02   2.2270876e-01   1.1381091e-01
   5.1000000e+02   2.2319839e-01   1.1126799e-01
   5.1100000e+02   2.2598654e-01   1.1158211e-01
   5.1200000e+02   2.2684415e-01   1.1265615e-01
   5.1300000e+02   2.2902209e-01   1.1176151e-01
   5.1400000e+02   2.3103724e-01   1.0905497e-01
   5.1500000e+02   2.3352463e-01   1.0754612e-01
   5.1600000e+02   2.3378731e-01   1.0731770e-01
   5.1700000e+02   2.3543816e-01   1.0831854e-01
   5.1800000e+02   2.3820178e-01   1.0858012e-01
   5.1900000e+02   2.4145851e-01   1.0647384e-01
   5.2000000e+02   2.4624698e-01   1.0414134e-01
   5.2100000e+02   2.5050727e-01   1.0520234e-01
   5.2200000e+02   2.5341620e-01   1.0513694e-01
   5.2300000e+02   2.5804075e-01   1.0614805e-01
   5.2400000e+02   2.6112131e-01   1.0505162e-01
   5.2500000e+02   2.6264694e-01   1.0522006e-01
   5.2600000e+02   2.6626404e-01   1.0626953e-01
   5.2700000e+02   2.6577775e-01   1.0700785e-01
   5.2800000e+02   2.6915926e-01   1.0557877e-01
   5.2900000e+02   2.7453850e-01   1.0658523e-01
   5.3000000e+02   2.7907290e-01   1.0637704e-01
   5.3100000e+02   2.7995106e-01   1.0526931e-01
   5.3200000e+02   2.8113800e-01   1.0534443e-01
   5.3300000e+02   2.8229037e-01   1.0455202e-01
   5.3400000e+02   2.8506418e-01   1.0207098e-01
   5.3500000e+02   2.8944976e-01   1.0053429e-01
   5.3600000e+02   2.9429057e-01   1.0052581e-01
   5.3700000e+02   2.9959891e-01   1.0027743e-01
   5.3800000e+02   2.9886221e-01   1.0359800e-01
   5.3900000e+02   3.0364630e-01   1.0476763e-01
   5.4000000e+02   3.0561929e-01   1.0695469e-01
   5.4100000e+02   3.1160008e-01   1.0764456e-01
   5.4200000e+02   3.1548603e-01   1.0831693e-01
   5.4300000e+02   3.1888807e-01   1.0991868e-01
   5.4400000e+02   3.2112361e-01   1.0867910e-01
   5.4500000e+02   3.2373860e-01   1.0632086e-01
   5.4600000e+02   3.2863853e-01   1.0609519e-01
   5.4700000e+02   3.3275438e-01   1.0619884e-01
   5.4800000e+02   3.3795260e-01   1.0425972e-01
   5.4900000e+02   3.4169121e-01   1.0264208e-01
   5.5000000e+02   3.4564922e-01   1.0147980e-01
   5.5100000e+02   3.4851775e-01   1.0223551e-01
   5.5200000e+02   3.5335024e-01   1.0408385e-01
   5.5300000e+02   3.6140754e-01   1.0561448e-01
   5.5400000e+02   3.6743357e-01   1.0295929e-01
   5.5500000e+02   3.7202995e-01   1.0172497e-01
   5.5600000e+02   3.7589774e-01   1.0173853e-01
   5.5700000e+02   3.8145759e-01   1.0358746e-01
   5.5800000e+02   3.8555232e-01   1.0323967e-01
   5.5900000e+02   3.8872211e-01   1.0582534e-01
   5.6000000e+02   3.9175441e-01   1.0720479e-01
   5.6100000e+02   3.9536639e-01   1.0944949e-01
   5.6200000e+02   3.9893264e-01   1.1070029e-01
   5.6300000e+02   4.0773681e-01   1.1043049e-01
   5.6400000e+02   4.1664620e-01   1.1018929e-01
   5.6500000e+02   4.2458055e-01   1.1210766e-01
   5.6600000e+02   4.3000632e-01   1.1469184e-01
   5.6700000e+02   4.3610714e-01   1.1112595e-01
   5.6800000e+02   4.4394486e-01   1.0690716e-01
   5.6900000e+02   4.5133193e-01   1.0581412e-01
   5.7000000e+02   4.6121292e-01   1.0476579e-01
   5.7100000e+02   4.6899701e-01   1.0257951e-01
   5.7200000e+02   4.6899146e-01   1.0172690e-01
   5.7300000e+02   4.7402748e-01   1.0120681e-01
   5.7400000e+02   4.8033045e-01   1.0023443e-01
   5.7500000e+02   4.8823408e-01   9.8424881e-02
   5.7600000e+02   4.9653009e-01   9.7322139e-02
   5.7700000e+02   5.0198088e-01   9.7879595e-02
   5.7800000e+02   5.0933419e-01   9.8850966e-02
   5.7900000e+02   5.1426929e-01   1.0203006e-01
   5.8000000e+02   5.2024142e-01   1.0186003e-01
   5.8100000e+02   5.2639837e-01   1.0090261e-01
   5.8200000e+02   5.3316685e-01   9.7553842e-02
   5.8300000e+02   5.3880349e-01   9.8563560e-02
   5.8400000e+02   5.4492779e-01   9.6203693e-02
   5.8500000e+02   5.4946117e-01   9.4294470e-02
   5.8600000e+02   5.5536981e-01   9.4206592e-02
   5.8700000e+02   5.6279087e-01   9.5318670e-02
   5.8800000e+02   5.6886301e-01   9.4373459e-02
   5.8900000e+02   5.7490695e-01   9.3902783e-02
   5.9000000e+02   5.8061974e-01   9.4955177e-02
   5.9100000e+02   5.8448853e-01   9.6218257e-02
   5.9200000e+02   5.9083106e-01   9.5203069e-02
   5.9300000e+02   5.9672047e-01   9.6294653e-02
   5.9400000e+02   6.0357489e-01   9.6741800e-02
   5.9500000e+02   6.0875670e-01   9.7868496e-02
   5.9600000e+02   6.1637825e-01   9.7915373e-02
   5.9700000e+02   6.2368260e-01   1.0023819e-01
   5.9800000e+02   6.2754664e-01   1.0363459e-01
   5.9900000e+02   6.3240934e-01   1.0042576e-01
   6.0000000e+02   6.3981646e-01   9.9805926e-02
   6.0100000e+02   6.4865305e-01   9.8534090e-02
   6.0200000e+02   6.5589529e-01   9.7604610e-02
   6.0300000e+02   6.6411422e-01   9.7125266e-02
   6.0400000e+02   6.7431777e-01   9.6006560e-02
   6.0500000e+02   6.8203960e-01   9.6756190e-02
   6.0600000e+02   6.9103196e-01   9.5362021e-02
   6.0700000e+02   6.9791839e-01   9.2389715e-02
   6.0800000e+02   7.0685855e-01   8.8168727e-02
   6.0900000e+02   7.1379496e-01   8.5127286e-02
   6.1000000e+02   7.2129091e-01   8.4140791e-02
   6.1100000e+02   7.2746797e-01   8.4044697e-02
   6.1200000e+02   7.3477753e-01   8.1977773e-02
   6.1300000e+02   7.4197958e-01   8.1759332e-02
   6.1400000e+02   7.4606157e-01   8.2339264e-02
   6.1500000e+02   7.5439182e-01   7.9949493e-02
   6.1600000e+02   7.5939075e-01   7.5767446e-02
   6.1700000e+02   7.6777271e-01   7.1822047e-02
   6.1800000e+02   7.7654842e-01   6.7947935e-02
   6.1900000e+02   7.8303225e-01   6.6248749e-02
   6.2000000e+02   7.9114147e-01   6.5669244e-02
   6.2100000e+02   7.9661678e-01   6.3341884e-02
   6.2200000e+02   8.0380745e-01   6.1884458e-02
   6.2300000e+02   8.0979455e-01   6.0882949e-02
   6.2400000e+02   8.1680286e-01   6.0804427e-02
   6.2500000e+02   8.2310975e-01   5.9087581e-02
   6.2600000e+02   8.2922593e-01   5.8193287e-02
   6.2700000e+02   8.3560673e-01   5.5371392e-02
   6.2800000e+02   8.4098853e-01   5.4764990e-02
   6.2900000e+02   8.4576403e-01   5.4485995e-02
   6.3000000e+02   8.4927517e-01   5.3744962e-02
   6.3100000e+02   8.5411213e-01   5.1229653e-02
   6.3200000e+02   8.6023631e-01   4.8968191e-02
   6.3300000e+02   8.6481584e-01   4.7354174e-02
   6.3400000e+02   8.6854255e-01   4.7822562e-02
   6.3500000e+02   8.7280849e-01   4.3329877e-02
   6.3600000e+02   8.7688964e-01   4.0947126e-02
   6.3700000e+02   8.8145103e-01   3.9766976e-02
   6.3800000e+02   8.8557140e-01   3.5832958e-02
   6.3900000e+02   8.8901383e-01   3.4258039e-02
   6.4000000e+02   8.9211231e-01   3.3082957e-02
   6.4100000e+02   8.9509542e-01   3.2599453e-02
   6.4200000e+02   8.9683953e-01   3.0831750e-02
   6.4300000e+02   9.0084109e-01   2.9842685e-02
   6.4400000e+02   9.0425921e-01   2.8251707e-02
   6.4500000e+02   9.0774186e-01   2.5450520e-02
   6.4600000e+02   9.1153158e-01   2.3445229e-02
   6.4700000e+02   9.1241431e-01   2.3239718e-02
   6.4800000e+02   9.1430535e-01   2.1594830e-02
   6.4900000e+02   9.1702128e-01   1.9879523e-02
   6.5000000e+02   9.1962020e-01   2.0335057e-02
   6.5100000e+02   9.2137624e-01   2.0242197e-02
   6.5200000e+02   9.2302697e-01   1.9439275e-02
   6.5300000e+02   9.2437389e-01   1.9118965e-02
   6.5400000e+02   9.2601947e-01   1.9008924e-02
   6.5500000e+02   9.2669028e-01   1.7284487e-02
   6.5600000e+02   9.2919873e-01   1.6991882e-02
   6.5700000e+02   9.2982355e-01   1.6575593e-02
   6.5800000e+02   9.3111805e-01   1.5659246e-02
   6.5900000e+02   9.3187278e-01   1.5770340e-02
   6.6000000e+02   9.3319455e-01   1.4901903e-02
   6.6100000e+02   9.3394875e-01   1.4693889e-02
   6.6200000e+02   9.3587126e-01   1.4116394e-02
   6.6300000e+02   9.3649666e-01   1.3869417e-02
   6.6400000e+02   9.3710809e-01   1.4103471e-02
   6.6500000e+02   9.3800034e-01   1.4054033e-02
   6.6600000e+02   9.3875568e-01   1.4212419e-02
   6.6700000e+02   9.3902641e-01   1.4499544e-02
   6.6800000e+02   9.3988839e-01   1.3681039e-02
   6.6900000e+02   9.3980722e-01   1.3053876e-02
   6.7000000e+02   9.4094813e-01   1.3177382e-02
   6.7100000e+02   9.4112963e-01   1.3131935e-02
   6.7200000e+02   9.4181772e-01   1.4404928e-02
   6.7300000e+02   9.4202732e-01   1.4842444e-02
   6.7400000e+02   9.4130902e-01   1.5297874e-02
   6.7500000e+02   9.4197725e-01   1.5186629e-02
   6.7600000e+02   9.4175400e-01   1.5308985e-02
   6.7700000e+02   9.4175348e-01   1.5501540e-02
   6.7800000e+02   9.4180453e-01   1.5178845e-02
   6.7900000e+02   9.4154605e-01   1.4668716e-02
   6.8000000e+02   9.4185556e-01   1.4997434e-02
   6.8100000e+02   9.4044171e-01   1.5976770e-02
   6.8200000e+02   9.4134496e-01   1.5384773e-02
   6.8300000e+02   9.4068289e-01   1.6244913e-02
   6.8400000e+02   9.4087843e-01   1.6648921e-02
   6.8500000e+02   9.4142859e-01   1.6649063e-02
   6.8600000e+02   9.4101285e-01   1.7310618e-02
   6.8700000e+02   9.3973602e-01   1.7452523e-02
   6.8800000e+02   9.3838165e-01   1.7240840e-02
   6.8900000e+02   9.3804789e-01   1.7330346e-02
   6.9000000e+02   9.3703226e-01   1.7380314e-02
   6.9100000e+02   9.3645675e-01   1.8084009e-02
   6.9200000e+02   9.3531968e-01   1.9460382e-02
   6.9300000e+02   9.3425529e-01   1.8741339e-02
   6.9400000e+02   9.3365312e-01   1.8010041e-02
   6.9500000e+02   9.3257695e-01   1.8051945e-02
   6.9600000e+02   9.3140162e-01   1.8385424e-02
   6.9700000e+02   9.2976289e-01   1.8897624e-02
   6.9800000e+02   9.2872686e-01   1.9165753e-02
   6.9900000e+02   9.2873016e-01   1.8702312e-02
   7.0000000e+02   9.2794903e-01   1.9096934e-02
   7.0100000e+02   9.2717138e-01   1.9626528e-02
   7.0200000e+02   9.2685694e-01   1.9719587e-02
   7.0300000e+02   9.2620448e-01   2.0024390e-02
   7.0400000e+02   9.2465785e-01   2.0695061e-02
   7.0500000e+02   9.2443045e-01   1.9760792e-02
   7.0600000e+02   9.2411326e-01   1.9299083e-02
   7.0700000e+02   9.2247246e-01   1.9397443e-02
   7.0800000e+02   9.2067570e-01   1.9698510e-02
   7.0900000e+02   9.1965965e-01   2.0374023e-02
   7.1000000e+02   9.1780392e-01   2.0948959e-02
   7.1100000e+02   9.1578873e-01   2.1999029e-02
   7.1200000e+02   9.1441283e-01   2.2174130e-02
   7.1300000e+02   9.1247061e-01   2.2235447e-02
   7.1400000e+02   9.1162413e-01   2.1798033e-02
   7.1500000e+02   9.0978353e-01   2.2005812e-02
   7.1600000e+02   9.1075785e-01   2.1407901e-02
   7.1700000e+02   9.1039346e-01   2.0953931e-02
   7.1800000e+02   9.0851570e-01   2.1000719e-02
   7.1900000e+02   9.0817557e-01   2.1017586e-02
   7.2000000e+02   9.0604906e-01   2.1894832e-02
   7.2100000e+02   9.0650696e-01   2.2063803e-02
   7.2200000e+02   9.0511268e-01   2.1566593e-02
   7.2300000e+02   9.0453716e-01   2.0937936e-02
   7.2400000e+02   9.0356924e-01   2.0764006e-02
   7.2500000e+02   9.0141063e-01   2.1771689e-02
   7.2600000e+02   9.0044835e-01   2.0852741e-02
   7.2700000e+02   8.9840876e-01   2.1125886e-02
   7.2800000e+02   8.9691347e-01   2.1765753e-02
   7.2900000e+02   8.9494470e-01   2.2070101e-02
   7.3000000e+02   8.9465855e-01   2.0660502e-02
   7.3100000e+02   8.9405524e-01   1.9963986e-02
   7.3200000e+02   8.9091684e-01   1.9939324e-02
   7.3300000e+02   8.9047165e-01   1.9623924e-02
   7.3400000e+02   8.8967355e-01   1.8688918e-02
   7.3500000e+02   8.8768703e-01   1.6510234e-02
   7.3600000e+02   8.8836672e-01   1.7023800e-02
   7.3700000e+02   8.8642410e-01   1.7321515e-02
   7.3800000e+02   8.8486997e-01   1.8459211e-02
   7.3900000e+02   8.8447793e-01   1.8658345e-02
   7.4000000e+02   8.8428987e-01   1.9130640e-02
   7.4100000e+02   8.8371733e-01   1.9271014e-02
   7.4200000e+02   8.8521721e-01   1.5933648e-02
   7.4300000e+02   8.8319052e-01   1.7422112e-02
   7.4400000e+02   8.8286674e-01   1.6640628e-02
   7.4500000e+02   8.8183497e-01   1.8001318e-02
   7.4600000e+02   8.7970975e-01   1.7505829e-02
   7.4700000e+02   8.8038120e-01   1.9262957e-02
   7.4800000e+02   8.8136917e-01   1.8580266e-02
   7.4900000e+02   8.8109902e-01   1.7966371e-02
   7.5000000e+02   8.7830795e-01   1.8732108e-02
   7.5100000e+02   8.7848165e-01   1.9467929e-02
   7.5200000e+02   8.7803771e-01   1.9989106e-02
   7.5300000e+02   8.7623773e-01   1.9671646e-02
   7.5400000e+02   8.7488531e-01   2.2647186e-02
   7.5500000e+02   8.7690291e-01   2.0939646e-02
   7.5600000e+02   8.7528150e-01   2.0312391e-02
   7.5700000e+02   8.7441271e-01   2.0885628e-02
   7.5800000e+02   8.7281503e-01   2.2198869e-02
   7.5900000e+02   8.7364293e-01   2.1263346e-02
   7.6000000e+02   8.7393424e-01   2.1384001e-02
   7.6100000e+02   8.7441346e-01   2.0188293e-02
   7.6200000e+02   8.7232419e-01   1.9879421e-02
   7.6300000e+02   8.7262853e-01   2.0715391e-02
   7.6400000e+02   8.7089978e-01   2.0405791e-02
   7.6500000e+02   8.7183080e-01   2.0200295e-02
   7.6600000e+02   8.7264846e-01   1.8509554e-02
   7.6700000e+02   8.7229533e-01   2.0154903e-02
   7.6800000e+02   8.7195131e-01   2.0259410e-02
   7.6900000e+02   8.7299358e-01   2.0433088e-02
   7.7000000e+02   8.7248760e-01   2.0369457e-02
   7.7100000e+02   8.7187488e-01   1.8758301e-02
   7.7200000e+02   8.7295955e-01   1.8279462e-02
   7.7300000e+02   8.7016023e-01   1.7911789e-02
   7.7400000e+02   8.7084458e-01   1.7049583e-02
   7.7500000e+02   8.7078993e-01   1.8738563e-02
   7.7600000e+02   8.7144053e-01   1.7968289e-02
   7.7700000e+02   8.7031124e-01   1.8821080e-02
   7.7800000e+02   8.7097169e-01   1.9331954e-02
   7.7900000e+02   8.7061218e-01   1.7402691e-02
   7.8000000e+02   8.6963871e-01   1.9168197e-02
   7.8100000e+02   8.7034390e-01   1.8622679e-02
   7.8200000e+02   8.7027823e-01   2.0218413e-02
   7.8300000e+02   8.6902335e-01   2.0721044e-02
   7.8400000e+02   8.6966417e-01   2.0296955e-02
   7.8500000e+02   8.6935118e-01   2.0395486e-02
   7.8600000e+02   8.6776170e-01   1.8187228e-02
   7.8700000e+02   8.6788786e-01   1.9003355e-02
   7.8800000e+02   8.6948718e-01   2.0632470e-02
   7.8900000e+02   8.6798700e-01   2.0980799e-02
   7.9000000e+02   8.6672837e-01   2.0047502e-02
   7.9100000e+02   8.6678200e-01   1.9103262e-02
   7.9200000e+02   8.6606697e-01   1.9679736e-02
   7.9300000e+02   8.6536347e-01   1.9692727e-02
   7.9400000e+02   8.6528184e-01   1.9296726e-02
   7.9500000e+02   8.6589411e-01   1.9116377e-02
   7.9600000e+02   8.6566619e-01   2.0398211e-02
   7.9700000e+02   8.6361314e-01   2.1110864e-02
   7.9800000e+02   8.6524565e-01   2.1315275e-02
   7.9900000e+02   8.6483176e-01   2.0516402e-02
   8.0000000e+02   8.6558224e-01   2.0208974e-02
   8.0100000e+02   8.6537687e-01   2.0833330e-02
   8.0200000e+02   8.6511791e-01   1.9513252e-02
   8.0300000e+02   8.6459653e-01   2.1813372e-02
   8.0400000e+02   8.6468185e-01   2.1676236e-02
   8.0500000e+02   8.6378414e-01   2.1809825e-02
   8.0600000e+02   8.6287936e-01   2.1900361e-02
   8.0700000e+02   8.6241872e-01   2.1274133e-02
   8.0800000e+02   8.6288478e-01   2.0565195e-02
   8.0900000e+02   8.6239108e-01   2.0380960e-02
   8.1000000e+02   8.6231128e-01   2.0941336e-02
   8.1100000e+02   8.6265342e-01   2.0760331e-02
   8.1200000e+02   8.6178204e-01   2.0956663e-02
   8.1300000e+02   8.6087196e-01   2.1901149e-02
   8.1400000e+02   8.6208823e-01   2.0258005e-02
   8.1500000e+02   8.6342853e-01   2.0444503e-02
   8.1600000e+02   8.6302012e-01   2.0891619e-02
   8.1700000e+02   8.6342824e-01   1.8702048e-02
   8.1800000e+02   8.6328268e-01   1.9161753e-02
   8.1900000e+02   8.6240177e-01   1.9716222e-02
   8.2000000e+02   8.6365464e-01   2.0449299e-02
   8.2100000e+02   8.6324683e-01   1.9685144e-02
   8.2200000e+02   8.6350356e-01   1.9844152e-02
   8.2300000e+02   8.6295340e-01   2.0589573e-02
   8.2400000e+02   8.6251839e-01   2.0218989e-02
   8.2500000e+02   8.6262932e-01   2.0705040e-02
   8.2600000e+02   8.6197800e-01   2.0838521e-02
   8.2700000e+02   8.6214290e-01   1.9848309e-02
   8.2800000e+02   8.6203974e-01   2.0313625e-02
   8.2900000e+02   8.6248536e-01   1.9146130e-02
   8.3000000e+02   8.6064588e-01   1.9939938e-02
   8.3100000e+02   8.6141626e-01   1.9826785e-02
   8.3200000e+02   8.6207109e-01   1.8825567e-02
   8.3300000e+02   8.6175586e-01   2.0845005e-02
   8.3400000e+02   8.6089233e-01   2.0648842e-02
   8.3500000e+02   8.6214989e-01   1.9592352e-02
   8.3600000e+02   8.6062855e-01   2.0317984e-02
   8.3700000e+02   8.6172285e-01   2.1036733e-02
   8.3800000e+02   8.6157206e-01   2.0381714e-02
   8.3900000e+02   8.5990838e-01   1.9776232e-02
   8.4000000e+02   8.6070492e-01   2.0926124e-02
   8.4100000e+02   8.6176321e-01   2.0129888e-02
   8.4200000e+02   8.5971617e-01   2.0466714e-02
   8.4300000e+02   8.5994073e-01   1.8999106e-02
   8.4400000e+02   8.5965359e-01   1.9508537e-02
   8.4500000e+02   8.5993444e-01   1.9822511e-02
   8.4600000e+02   8.6071096e-01   2.1935305e-02
   8.4700000e+02   8.5929764e-01   2.2103340e-02
   8.4800000e+02   8.5937212e-01   2.0802895e-02
   8.4900000e+02   8.5864301e-01   2.0072194e-02
   8.5000000e+02   8.5991864e-01   1.9923608e-02
   8.5100000e+02   8.5780424e-01   2.0981182e-02
   8.5200000e+02   8.5808210e-01   2.2069512e-02
   8.5300000e+02   8.5844353e-01   2.0421897e-02
   8.5400000e+02   8.5891168e-01   1.9787796e-02
   8.5500000e+02   8.5845033e-01   1.8249590e-02
   8.5600000e+02   8.5772469e-01   2.0392962e-02
   8.5700000e+02   8.5790851e-01   2.1540430e-02
   8.5800000e+02   8.5996148e-01   1.8906430e-02
   8.5900000e+02   8.5832950e-01   1.9563352e-02
   8.6000000e+02   8.5919199e-01   1.8581791e-02
   8.6100000e+02   8.5886853e-01   1.9480741e-02
   8.6200000e+02   8.5985251e-01   1.8771896e-02
   8.6300000e+02   8.5822311e-01   1.8540872e-02
   8.6400000e+02   8.5948554e-01   1.9328138e-02
   8.6500000e+02   8.5872201e-01   1.8461652e-02
   8.6600000e+02   8.5854801e-01   1.8568496e-02
   8.6700000e+02   8.5828942e-01   1.9416044e-02
   8.6800000e+02   8.5842725e-01   1.9315247e-02
   8.6900000e+02   8.5738404e-01   1.9752385e-02
   8.7000000e+02   8.5804147e-01   1.9278218e-02
   8.7100000e+02   8.5861968e-01   1.8993894e-02
   8.7200000e+02   8.5662901e-01   1.9663821e-02
   8.7300000e+02   8.5858801e-01   1.9597767e-02
   8.7400000e+02   8.5776130e-01   1.8919002e-02
   8.7500000e+02   8.5897443e-01   1.8193070e-02
   8.7600000e+02   8.5850012e-01   1.9007282e-02
   8.7700000e+02   8.6027536e-01   1.8577102e-02
   8.7800000e+02   8.5875641e-01   1.8183239e-02
   8.7900000e+02   8.5816503e-01   1.8430823e-02
   8.8000000e+02   8.5983945e-01   1.7798331e-02
   8.8100000e+02   8.5841340e-01   1.9255103e-02
   8.8200000e+02   8.5927610e-01   1.8907601e-02
   8.8300000e+02   8.5907852e-01   1.9415970e-02
   8.8400000e+02   8.5973221e-01   1.8871643e-02
   8.8500000e+02   8.5822860e-01   2.0813261e-02
   8.8600000e+02   8.5990907e-01   1.9937157e-02
   8.8700000e+02   8.5885251e-01   1.9809150e-02
   8.8800000e+02   8.5831917e-01   2.1063877e-02
   8.8900000e+02   8.5746014e-01   2.1064042e-02
   8.9000000e+02   8.5936417e-01   2.1770175e-02
   8.9100000e+02   8.5926280e-01   2.0735816e-02
   8.9200000e+02   8.6009699e-01   1.9798928e-02
   8.9300000e+02   8.5943335e-01   2.1292736e-02
   8.9400000e+02   8.5969976e-01   2.0975934e-02
   8.9500000e+02   8.5929802e-01   2.0682699e-02
   8.9600000e+02   8.5885343e-01   2.0944555e-02
   8.9700000e+02   8.5915054e-01   2.2302114e-02
   8.9800000e+02   8.5884575e-01   2.2894946e-02
   8.9900000e+02   8.5736723e-01   2.1887068e-02
   9.0000000e+02   8.5744668e-01   2.1118915e-02
   9.0100000e+02   8.5931040e-01   2.2256895e-02
   9.0200000e+02   8.5804265e-01   2.1286342e-02
   9.0300000e+02   8.5857051e-01   2.0771771e-02
   9.0400000e+02   8.5740087e-01   2.1573665e-02
   9.0500000e+02   8.5767031e-01   2.1533070e-02
   9.0600000e+02   8.5592732e-01   2.4482281e-02
   9.0700000e+02   8.5702970e-01   2.1536059e-02
   9.0800000e+02   8.5661284e-01   2.1633293e-02
   9.0900000e+02   8.5705055e-01   2.2239899e-02
   9.1000000e+02   8.5531236e-01   2.2112842e-02
   9.1100000e+02   8.5635214e-01   2.0581448e-02
   9.1200000e+02   8.5574631e-01   2.2663035e-02
   9.1300000e+02   8.5598948e-01   2.1840563e-02
   9.1400000e+02   8.5548784e-01   2.0854674e-02
   9.1500000e+02   8.5643039e-01   2.1722950e-02
   9.1600000e+02   8.5416011e-01   2.1330875e-02
   9.1700000e+02   8.5542915e-01   2.1759304e-02
   9.1800000e+02   8.5516767e-01   2.2419089e-02
   9.1900000e+02   8.5462237e-01   2.3025163e-02
   9.2000000e+02   8.5412326e-01   2.2096996e-02
   9.2100000e+02   8.5491313e-01   2.1870492e-02
   9.2200000e+02   8.5544455e-01   2.2397864e-02
   9.2300000e+02   8.5365135e-01   2.1095035e-02
   9.2400000e+02   8.5404728e-01   2.2649174e-02
   9.2500000e+02   8.5377802e-01   2.2259884e-02
   9.2600000e+02   8.5525152e-01   2.1485813e-02
   9.2700000e+02   8.5489695e-01   2.2575025e-02
   9.2800000e+02   8.5478463e-01   1.9864434e-02
   9.2900000e+02   8.5406837e-01   2.1616937e-02
   9.3000000e+02   8.5578995e-01   2.1335566e-02
   9.3100000e+02   8.5644625e-01   1.9135686e-02
   9.3200000e+02   8.5625054e-01   2.0862440e-02
   9.3300000e+02   8.5556791e-01   2.0975606e-02
   9.3400000e+02   8.5605828e-01   2.0020678e-02
   9.3500000e+02   8.5470903e-01   2.0521596e-02
   9.3600000e+02   8.5526647e-01   2.0724116e-02
   9.3700000e+02   8.5530353e-01   2.1271720e-02
   9.3800000e+02   8.5566551e-01   2.2764877e-02
   9.3900000e+02   8.5582227e-01   2.0645668e-02
   9.4000000e+02   8.5616425e-01   2.1562353e-02
   9.4100000e+02   8.5412693e-01   2.0025572e-02
   9.4200000e+02   8.5391992e-01   2.2533286e-02
   9.4300000e+02   8.5475377e-01   2.2191907e-02
   9.4400000e+02   8.5519748e-01   2.1255959e-02
   9.4500000e+02   8.5408572e-01   2.2274216e-02
   9.4600000e+02   8.5298641e-01   2.2282920e-02
   9.4700000e+02   8.5313058e-01   2.1393631e-02
   9.4800000e+02   8.5439070e-01   2.1516026e-02
   9.4900000e+02   8.5346993e-01   2.1751713e-02
   9.5000000e+02   8.5333662e-01   2.1412977e-02
   9.5100000e+02   8.5323581e-01   2.0676464e-02
   9.5200000e+02   8.5196991e-01   2.1296904e-02
   9.5300000e+02   8.5310751e-01   2.0407244e-02
   9.5400000e+02   8.5143296e-01   2.0747217e-02
   9.5500000e+02   8.5279776e-01   2.2208504e-02
   9.5600000e+02   8.5248067e-01   2.0853317e-02
   9.5700000e+02   8.5228549e-01   2.1695974e-02
   9.5800000e+02   8.5225057e-01   2.0710933e-02
   9.5900000e+02   8.5309542e-01   2.1862357e-02
   9.6000000e+02   8.5115024e-01   2.1433497e-02
   9.6100000e+02   8.5185596e-01   2.1367858e-02
   9.6200000e+02   8.5135188e-01   2.1524450e-02
   9.6300000e+02   8.5103206e-01   2.2068847e-02
   9.6400000e+02   8.4978109e-01   2.2101150e-02
   9.6500000e+02   8.4920499e-01   2.2978886e-02
   9.6600000e+02   8.4983764e-01   2.2874350e-02
   9.6700000e+02   8.5101839e-01   2.0825540e-02
   9.6800000e+02   8.4889744e-01   2.2148294e-02
   9.6900000e+02   8.5050033e-01   2.2446995e-02
   9.7000000e+02   8.5046597e-01   2.2830226e-02
   9.7100000e+02   8.4975896e-01   2.2462684e-02
   9.7200000e+02   8.4895548e-01   2.2763906e-02
   9.7300000e+02   8.5039950e-01   2.4099713e-02
   9.7400000e+02   8.4975902e-01   2.2658510e-02
   9.7500000e+02   8.4847295e-01   2.3473628e-02
   9.7600000e+02   8.4871471e-01   2.2572141e-02
   9.7700000e+02   8.4862444e-01   2.3497727e-02
   9.7800000e+02   8.4936882e-01   2.3224075e-02
   9.7900000e+02   8.4842211e-01   2.3363747e-02
   9.8000000e+02   8.4836283e-01   2.3210329e-02
   9.8100000e+02   8.4868436e-01   2.3447244e-02
   9.8200000e+02   8.4797189e-01   2.3942032e-02
   9.8300000e+02   8.4889437e-01   2.1928666e-02
   9.8400000e+02   8.4644556e-01   2.2722482e-02
   9.8500000e+02   8.4717140e-01   2.2611446e-02
   9.8600000e+02   8.4653146e-01   2.1910353e-02
   9.8700000e+02   8.4781089e-01   2.2258047e-02
   9.8800000e+02   8.4647998e-01   1.9326045e-02
   9.8900000e+02   8.4693442e-01   2.0722543e-02
   9.9000000e+02   8.4682399e-01   2.2624000e-02
   9.9100000e+02   8.4723609e-01   2.2609283e-02
   9.9200000e+02   8.4625723e-01   2.3157718e-02
   9.9300000e+02   8.4678932e-01   2.2195444e-02
   9.9400000e+02   8.4701163e-01   2.3324995e-02
   9.9500000e+02   8.4584507e-01   2.2927944e-02
   9.9600000e+02   8.4809495e-01   2.1713391e-02
   9.9700000e+02   8.4671082e-01   2.4175139e-02
   9.9800000e+02   8.4568052e-01   2.2423635e-02
   9.9900000e+02   8.4747350e-01   2.3263094e-02
   1.0000000e+03   8.4703662e-01   2.2767569e-02
