0 0 0
1 0 0
2 0 0
3 0 0
4 0 0
5 0 0
6 0 0
7 0 0
8 0 0
9 0 0
10 0 0
11 0 0
12 0 0
13 0 0
14 0 0
15 0 0
16 0 0
17 0 0
18 0 0
19 0 0
20 0 0
21 0 0
22 0 0
23 0 0
24 0 0
25 0 0
26 0 0
27 0 0
28 0 0
29 0 0
30 0 0
31 0 0
32 0 0
33 0 0
34 0 0
35 0 0
36 0 0
37 0 0
38 0 0
39 0 0
40 0 0
41 0 0
42 0 0
43 0 0
44 0 0
45 0 0
46 0 0
47 0 0
48 0 0
49 0 0
50 0 0
51 0 0
52 0 0
53 0 0
54 0 0
55 0 0
56 0 0
57 0 0
58 0 0
59 0 0
60 0 0
61 0 0
62 0 0
63 0 0
64 0 0
65 0 0
66 0 0
67 0 0
68 0 0
69 0 0
70 0 0
71 0 0
72 0 0
73 0 0
74 0 0
75 0 0
76 0 0
77 0 0
78 0 0
79 0 0
80 0 0
81 0 0
82 0 0
83 0 0
84 0 0
85 0 0
86 0 0
87 0 0
88 0 0
89 0 0
90 0 0
91 0 0
92 0 0
93 0 0
94 0 0
95 0 0
96 0 0
97 0 0
98 0 0
99 0 0
100 0.12374536 0.75521935
101 0.13663731 0.81039715
102 0.091656499 0.86401433
103 0.14310668 0.84046833
104 0.12791291 0.82992233
105 0.12599825 0.8437083
106 0.09358569 0.82353006
107 0.13473078 0.83541969
108 0.11953336 0.73175823
109 0.12853387 0.78221602
110 0.071934404 0.78585331
111 0.11383964 0.80221749
112 0.12608251 0.78390574
113 0.15240881 0.76990571
114 0.16141529 0.8310576
115 0.067454817 0.87635333
116 0.083291517 0.81864928
117 0.065934529 0.80956381
118 0.10764669 0.78526009
119 0.050309724 0.86082163
120 0.030127252 0.82844676
121 0.039422056 0.79553194
122 0.083888217 0.83650986
123 0.10952066 0.86041111
124 0.10461959 0.84000525
125 0.10577145 0.8260745
126 0.082874111 0.82801871
127 0.057378348 0.94151285
128 0.068763696 0.9116011
129 0.071494088 0.90360117
130 0.082581613 0.936304
131 0.048294665 0.94687066
132 0.079707047 0.89424996
133 0.094466771 0.88162216
134 0.089984152 0.85631745
135 0.081099002 0.85268025
136 0.063716987 0.86361308
137 0.069494534 0.89856425
138 0.060908096 0.83397898
139 0.043944561 0.79430996
140 0.046623131 0.81613092
141 0.084114285 0.79072442
142 0.046936924 0.87277671
143 0.024134031 0.87879411
144 -0.0099299795 0.85136316
145 -0.012939214 0.89563738
146 -0.02003617 0.86211839
147 -0.019498593 0.84020867
148 -0.047405335 0.85672893
149 -0.05425217 0.8443421
150 -0.054529971 0.8413863
151 -0.095022799 0.84857764
152 -0.06887257 0.86867264
153 -0.063332236 0.84748542
154 -0.080675907 0.82960253
155 -0.092232091 0.85470655
156 -0.085536118 0.8446107
157 -0.04890014 0.8587342
158 -0.047150826 0.88073076
159 -0.041735329 0.83904132
160 -0.02703456 0.84237589
161 -0.05033827 0.93632917
162 -0.017913525 0.85990666
163 -0.020670295 0.87607489
164 -0.032986012 0.83401696
165 -0.077442698 0.89245327
166 -0.067803998 0.79738866
167 -0.040430714 0.82211781
168 -0.060663008 0.84065094
169 -0.037443427 0.79594359
170 -0.028101407 0.71669631
171 -0.026849931 0.73131633
172 -0.048517009 0.80577664
173 -0.019173835 0.8453815
174 -0.0083398988 0.79461029
175 -0.0027109759 0.81485818
176 -0.031372705 0.85943945
177 -0.071850872 0.85969895
178 -0.044168505 0.91147019
179 -0.048823618 0.90086747
180 -0.013408296 0.88021658
181 -0.033999748 0.86288647
182 -0.079405131 0.89090115
183 -0.093701755 0.84751119
184 -0.061829745 0.83557006
185 -0.11271172 0.84564331
186 -0.1204235 0.84322526
187 -0.10869914 0.78863099
188 -0.10408921 0.76259294
189 -0.12312961 0.75142987
190 -0.15444717 0.78121497
191 -0.11166239 0.74228856
192 -0.12242297 0.75659674
193 -0.13689577 0.7559402
194 -0.10792571 0.78125381
195 -0.094917452 0.82971698
196 -0.11181805 0.80600299
197 -0.085002902 0.7772718
198 -0.056499175 0.80749336
199 -0.032799339 0.75783042
200 -0.040816722 0.74378385
201 -0.042422003 0.75044312
202 -0.01362221 0.76443897
203 -0.03342067 0.74779306
204 -0.038862605 0.79016564
205 -0.01115344 0.75892359
206 -0.012711642 0.75380999
207 0.0060797867 0.77331058
208 -0.013516338 0.81013038
209 -0.048188771 0.87275429
210 -0.02305104 0.79698455
211 0.023409339 0.80578637
212 0.04851175 0.77511211
213 -0.011461472 0.81048737
214 -0.0037561514 0.8487853
215 0.048025151 0.79501022
216 0.0035824522 0.80038717
217 -0.0085856629 0.80445353
218 -0.024413745 0.79093592
219 0.0070218379 0.80053455
220 0.030899508 0.76711101
221 0.010520066 0.825844
222 0.058939799 0.81576569
223 -0.0045070218 0.76992477
224 0.0035712671 0.70749178
225 0.0284741 0.74886386
226 0.021832403 0.75704719
227 0.05076318 0.7105727
228 0.039655496 0.78263012
229 0.064732021 0.75957113
230 -0.050492486 0.8709724
231 -0.071741139 0.79714429
232 -0.10963633 0.819701
233 -0.092837429 0.85164562
234 -0.061475042 0.89666521
235 -0.053917911 0.92422617
236 -0.056642444 0.96428829
237 -0.0051201647 0.95185053
238 -0.022859122 0.88743524
239 -0.024285397 0.90235672
240 0.043512449 0.88096498
241 0.036558493 0.91328578
242 0.068281153 0.95068545
243 0.038376063 0.89931448
244 0.047761018 0.85553112
245 0.042702406 0.83827508
246 0.0085742985 0.81569926
247 0.00073514477 0.79419678
248 0.017122694 0.79981225
249 0.0037748432 0.78781071
250 0.013230696 0.83596851
251 -0.007174099 0.85851386
252 -0.022006321 0.8609457
253 0.0031544524 0.80789563
254 -0.005287138 0.78490845
255 0.0084081384 0.82092967
256 -0.068380128 0.87270042
257 -0.035857844 0.82755755
258 -0.031234208 0.72977582
259 -0.012250837 0.73339263
260 -0.041615554 0.76587062
261 -0.0054515019 0.79861127
262 -0.0034110241 0.78140264
263 0.0026942791 0.82378714
264 -0.098843927 0.77533906
265 -0.13234136 0.76689045
266 -0.17070179 0.79051673
267 -0.19768119 0.79992691
268 -0.17600922 0.83624171
269 -0.17966362 0.79672024
270 -0.19781628 0.80905236
271 -0.16030031 0.83546068
272 -0.18109876 0.8821987
273 -0.11682488 0.78675074
274 -0.16149847 0.87411137
275 -0.17049686 0.92337119
276 -0.16005949 0.87267838
277 -0.18536206 0.92548155
278 -0.16170861 0.91135741
279 -0.14902957 0.89066458
280 -0.1308576 0.88241509
281 -0.14566816 0.90533775
282 -0.13009928 0.9313824
283 -0.11146974 0.87732594
284 -0.11522496 0.89543429
285 -0.15171706 0.96541319
286 -0.063832494 0.95089261
287 -0.040677452 0.9262486
288 -0.11399485 0.93332035
289 -0.13626281 1.0010439
290 -0.1321771 0.99948298
291 -0.061318041 0.96782344
292 -0.059478427 0.901168
293 -0.038118914 0.95209967
294 -0.030351147 0.98816629
295 0.025430515 0.96828125
296 0.021426003 0.9834666
297 -0.030585628 0.97266539
298 -0.038455282 0.97668017
299 -0.079602012 0.91530632
300 -0.073378277 0.94964411
301 -0.052270765 0.88580259
302 -0.033921024 0.89418842
303 -0.056111863 0.88030055
304 -0.084963178 0.87982907
305 -0.049712396 0.84771201
306 -0.080551121 0.83892433
307 -0.0910378 0.84900123
308 -0.10301254 0.8909506
309 -0.066680956 0.90373684
310 -0.058964093 0.83598874
311 -0.10607957 0.89469127
312 -0.10615704 0.88651597
313 -0.12667544 0.89295197
314 -0.10434553 0.82057779
315 -0.11676569 0.82621837
316 -0.12497261 0.90810433
317 -0.10355917 0.88250707
318 -0.093982828 0.88104799
319 -0.06286989 0.80042816
320 -0.058578377 0.79931942
321 -0.049737227 0.8285488
322 0.019782724 0.81616829
323 0.035746596 0.8122314
324 0.052120329 0.79169628
325 0.068302176 0.80676706
326 0.088111046 0.82730503
327 0.10345724 0.8011933
328 0.13830202 0.80749283
329 0.093799145 0.85274675
330 0.106601 0.82152011
331 0.083742787 0.93195402
332 0.047369866 0.84709656
333 0.043599426 0.89461835
334 0.032121404 0.9600961
335 0.0059054273 0.91222449
336 -0.02790706 0.95343511
337 0.010296064 0.93688024
338 0.0090441109 0.8129991
339 -0.020590232 0.81187588
340 -0.038445787 0.85007306
341 -0.030080828 0.85812722
342 -0.05343269 0.83515229
343 -0.051035078 0.8131865
344 -0.082495831 0.8147504
345 -0.076457703 0.83335086
346 -0.065025031 0.92646454
347 -0.057981288 0.77923283
348 -0.097286208 0.81783616
349 -0.072002577 0.78811115
350 -0.029248064 0.76564186
351 -0.017779979 0.79514644
352 -0.015904998 0.83562756
353 -0.0062825702 0.78212945
354 0.00210482 0.80642303
355 -0.0091885086 0.83015229
356 -0.014400757 0.82680956
357 0.0012390181 0.84064197
358 0.034234959 0.8239512
359 0.058462274 0.84788689
360 0.061207451 0.85529457
361 0.075226035 0.86445481
362 0.12750957 0.79271439
363 0.080338006 0.844128
364 0.10381984 0.76701588
365 0.099044827 0.74831967
366 0.083578553 0.72940647
367 -0.0081693019 0.9406831
368 0.10429454 0.71882924
369 0.088568233 0.77706636
370 0.08916885 0.7923881
371 0.081044359 0.81102958
372 0.13308201 0.79212638
373 0.11865575 0.77231538
374 0.12611525 0.8663002
375 0.18591926 0.80291629
376 0.17016133 0.80064677
377 0.15553548 0.79442015
378 0.1533894 0.85770529
379 0.12620569 0.86358214
380 0.0989715 0.82448691
381 0.082837275 0.9028821
382 0.11041635 0.95530724
383 0.084185076 0.93124911
384 0.095641195 0.85228785
385 0.039402912 0.90597123
386 0.052843955 0.88517371
387 0.046819565 0.92521011
388 0.044949461 0.94681203
389 0.020632319 0.89826888
390 0.013829941 0.95689849
391 0.073247265 1.011086
392 0.046298068 0.95324163
393 0.10273921 0.96936276
394 0.089506128 0.99234126
395 0.098352101 0.90168106
396 0.083290057 1.014107
397 0.06466675 0.90266947
398 0.057108331 0.97085798
399 0.080028793 0.97086693
400 0.093509555 0.92364711
401 0.069387123 0.91075591
402 0.10143994 0.92441016
403 0.099186815 0.9229495
404 0.12837599 0.90213558
405 0.15295966 0.97045494
406 0.15219001 0.94655168
407 0.15460479 0.98257454
408 0.12992693 0.94207975
409 0.087678897 0.90847799
410 0.079857846 0.94283387
411 0.076552554 0.91179816
412 0.040025806 0.92104164
413 0.0060186211 0.96190737
414 -0.002005672 0.93839626
415 -0.008719418 0.93284128
416 0.073523551 0.91450828
417 0.060799795 0.9256407
418 0.077942845 0.93141091
419 0.094322387 0.86430223
420 0.070716485 0.90415597
421 0.029301015 0.88528612
422 0.014492193 0.89311014
423 0.0030545829 0.84799498
424 0.0062156467 0.84948555
425 0.027167204 0.80386584
426 -0.0090824463 0.86315509
427 0.062614109 0.79079648
428 0.076756363 0.78527732
429 0.053334791 0.80122167
430 0.063083805 0.8143116
431 0.039550726 0.81059049
432 0.07402206 0.82014828
433 0.088645576 0.81129457
434 0.10008372 0.82530877
435 0.11078219 0.84219779
436 0.083445237 0.85088982
437 0.084568482 0.88678249
438 0.10184984 0.84298607
439 0.096426302 0.87464219
440 0.089116652 0.81444637
441 0.08035265 0.89533649
442 0.10768006 0.84226921
443 0.068401233 0.85962281
444 0.0304244 0.86852032
445 0.024455419 0.87322415
446 -0.0060015083 0.85859234
447 -0.0062922006 0.84771701
448 -0.011437828 0.83295513
449 -0.045316799 0.8488392
450 -0.013592819 0.81174661
451 0.0010404189 0.81042846
452 -0.012327143 0.88946339
453 -0.0048642684 0.90542409
454 -0.016539202 0.89066769
455 -0.013109399 0.91159141
456 -0.025366294 0.91784474
457 0.0079376733 0.90144068
458 0.057466455 0.87411208
459 0.066454664 0.88798244
460 0.017662265 0.94098765
461 0.018156485 0.95988017
462 0.021006444 0.99023632
463 0.029435158 0.9635985
464 0.018336137 0.93918085
465 0.081051878 0.8763923
466 0.10032577 0.82103579
467 0.11172381 0.88552766
468 0.089032064 0.90306332
469 0.11048751 0.90633708
470 0.13152371 0.8715709
471 0.13271167 0.87660522
472 0.096102614 0.9209847
473 0.15976603 0.91533633
474 0.18766687 0.87880054
475 0.1891832 0.79536462
476 0.17548632 0.81033081
477 0.20012723 0.76032924
478 0.19016728 0.80533222
479 0.14554996 0.79788695
480 0.12599634 0.76574149
481 0.11733721 0.78144043
482 0.080149748 0.76783813
483 0.078734843 0.74917732
484 0.059523391 0.77479965
485 0.064505859 0.76529384
486 0.076723148 0.75417621
487 0.084389266 0.77433254
488 0.093414281 0.76059277
489 0.096326807 0.75447984
490 0.027259646 0.83174312
491 0.055253156 0.82203596
492 0.040872332 0.79921028
493 0.038817614 0.79774264
494 0.030058033 0.81512886
495 0.0094560596 0.81194349
496 0.031583138 0.82224493
497 0.039069923 0.76767774
498 0.037319445 0.78737962
499 0.031442748 0.79197076
500 0.034794157 0.91884846
501 0.057660347 0.75820471
502 0.034582489 0.78600994
503 0.073688415 0.79967351
504 0.06097622 0.82651246
505 0.10619824 0.79429814
506 0.090242873 0.77677229
507 0.082694863 0.75668504
508 0.06389091 0.74008948
509 0.10898972 0.75774396
510 0.12839158 0.75501153
511 0.15197248 0.74295113
512 0.10953222 0.71402517
513 0.080658634 0.73701577
514 0.10676532 0.73802726
515 0.098396294 0.74313287
516 0.11673595 0.7467301
517 0.11485637 0.72509872
518 0.11551889 0.73004859
519 0.06971043 0.77556739
520 0.041383623 0.81078887
521 0.03378252 0.8313045
522 0.040810279 0.85154859
523 0.052333638 0.87665577
524 0.092270152 0.79960631
525 0.1182153 0.80162807
526 0.1371801 0.81036265
527 0.15937171 0.86759037
528 0.12187344 0.8139155
529 0.090737698 0.81761674
530 0.093481175 0.78511363
531 0.10738425 0.73138009
532 0.079889192 0.7906728
533 0.11791472 0.77782132
534 0.093780322 0.84407975
535 0.13790542 0.84312743
536 0.11395708 0.85042126
537 0.11475723 0.85286707
538 0.13128202 0.81950222
539 0.17300703 0.86197609
540 0.16751901 0.8297062
541 0.14812918 0.79340741
542 0.1411684 0.80845187
543 0.12440312 0.79715368
544 0.14193657 0.79127558
545 0.13583465 0.79664732
546 0.13178909 0.81160459
547 0.11807609 0.834613
548 0.11778808 0.8445564
549 0.10945921 0.85289618
550 0.10622649 0.95050375
551 0.11767004 0.98322043
552 0.11176833 0.965517
553 0.11600598 0.98221454
554 0.18442373 0.95114188
555 0.19686104 0.92938868
556 0.19103793 0.93212548
557 0.15141668 0.99135728
558 0.14976577 0.92493579
559 0.12959441 0.91956334
560 0.14401198 0.89557607
561 0.2360996 0.8772046
562 0.26416338 0.85331741
563 0.29401838 0.85372215
564 0.30902727 0.87014697
565 0.32458425 0.90947967
566 0.34804899 0.92459194
567 0.32891628 0.87850914
568 0.32913356 0.91716204
569 0.30385696 0.94277555
570 0.31656419 0.92026053
571 0.30318127 0.88556023
572 0.32799345 0.90464361
573 0.31105914 0.92638714
574 0.30818742 0.98557827
575 0.32245324 0.92961676
576 0.31306319 0.94854342
577 0.3179972 1.0193502
578 0.36709489 0.97499221
579 0.35876463 0.96481938
580 0.37720925 0.92955813
581 0.38618619 0.99364634
582 0.39250879 0.95173757
583 0.38561064 0.94014633
584 0.36887555 0.9266449
585 0.34156441 0.9417269
586 0.34259193 0.94167778
587 0.37040466 0.94528794
588 0.35563678 0.91650072
589 0.3729525 0.87454368
590 0.3570491 0.93496077
591 0.35113885 0.98794762
592 0.34174072 1.0028464
593 0.31716112 0.99461022
594 0.31568525 0.99333931
595 0.29630713 1.0004715
596 0.29622667 0.94026042
597 0.29779176 0.9055275
598 0.30601632 0.88926294
599 0.33220079 0.93167362
600 0.38485199 0.98868907
601 0.42978308 0.99831581
602 0.38278744 0.95603923
603 0.39631349 0.95172536
604 0.42770097 0.94019443
605 0.43939147 0.8855999
606 0.45986013 0.85284743
607 0.47637232 0.79584098
608 0.5286137 0.80485299
609 0.56022305 0.82627496
610 0.53070693 0.79736447
611 0.52231722 0.81986405
612 0.54391088 0.82805197
613 0.52969236 0.83390636
614 0.54978455 0.89276376
615 0.5356666 0.87272242
616 0.53800988 0.87767127
617 0.59667904 0.86235801
618 0.59406182 0.83849308
619 0.5934906 0.83245148
620 0.60059054 0.84472904
621 0.6018369 0.87635412
622 0.58622113 0.8494529
623 0.5921999 0.8230973
624 0.62059933 0.82647568
625 0.65272006 0.85172375
626 0.66739487 0.92696026
627 0.71447423 0.88577396
628 0.77155264 0.9014108
629 0.80584009 0.92846096
630 0.80692149 0.9075663
631 0.8168245 0.92469702
632 0.82272131 0.93764382
633 0.78490741 0.92390992
634 0.7610812 0.9544706
635 0.7982994 0.93754954
636 0.82440014 0.97946108
637 0.82534147 0.99895264
638 0.83191573 0.97493532
639 0.85251307 0.94985762
640 0.8459862 0.97097617
641 0.86183866 0.93938044
642 0.91687942 0.94386803
643 0.91769636 0.97005976
644 0.92852068 0.96755299
645 0.93294978 0.95118181
646 0.93669902 0.90419706
647 0.96467201 0.88121361
648 1.0171124 0.87829537
649 1.044693 0.87147801
650 1.0465738 0.8450381
651 1.0669096 0.81212159
652 1.0672439 0.78903693
653 1.0741362 0.78757498
654 1.1046998 0.82483664
655 1.0795195 0.81657902
656 1.0607185 0.81142532
657 1.0537713 0.81061036
658 1.0720495 0.83943716
659 1.0628487 0.83331024
660 1.0881318 0.85296883
661 1.1018334 0.85508258
662 1.1446261 0.8496182
663 1.1747768 0.8890309
664 1.1525762 0.85539689
665 1.1502112 0.83000625
666 1.1727525 0.820984
667 1.2071755 0.80382121
668 1.229513 0.78657008
669 1.2302854 0.79281186
670 1.2485045 0.75232142
671 1.2607049 0.76324996
672 1.2571359 0.79266545
673 1.2754704 0.82896273
674 1.3047978 0.84703232
675 1.3283958 0.84685422
676 1.3442216 0.84212945
677 1.352851 0.82031026
678 1.3833188 0.82391314
679 1.3746203 0.82342254
680 1.4195395 0.87618245
681 1.4148336 0.8601912
682 1.4185992 0.8743318
683 1.4564904 0.88656173
684 1.4527084 0.85076969
685 1.4569875 0.84735055
686 1.4539417 0.8536316
687 1.4363076 0.8837687
688 1.42119 0.84736695
689 1.4629759 0.85437331
690 1.5145473 0.85736274
691 1.4911439 0.81311746
692 1.4509666 0.84058639
693 1.4410467 0.83366197
694 1.3934178 0.80634932
695 1.3616587 0.78899939
696 1.3826616 0.8150261
697 1.3943953 0.81677042
698 1.4223553 0.80328894
699 1.4786816 0.79632375
700 1.5297528 0.81608318
701 1.5614908 0.83362728
702 1.5174651 0.84655134
703 1.5125328 0.78713222
704 1.5025576 0.76807508
705 1.5100845 0.73966973
706 1.4911421 0.73063169
707 1.474511 0.7700179
708 1.4942987 0.78715919
709 1.5259502 0.81342564
710 1.5493261 0.82197202
711 1.5692515 0.81451381
712 1.5142915 0.86925294
713 1.4972947 0.86739571
714 1.5111498 0.89268604
715 1.4842736 0.87808393
716 1.4771193 0.90047406
717 1.4664518 0.89911668
718 1.514184 0.90880716
719 1.5646486 0.90108052
720 1.5425048 0.91547473
721 1.5197738 0.92811815
722 1.5256482 0.93053791
723 1.5338096 0.91373845
724 1.5433089 0.9110089
725 1.5161649 0.89822539
726 1.52299 0.89268831
727 1.5366717 0.93480611
728 1.5471966 0.96983906
729 1.5807488 1.0176497
730 1.6101068 1.0283123
731 1.6023348 0.98205247
732 1.598026 0.94106664
733 1.5926561 1.0217559
734 1.606828 0.91484728
735 1.599621 0.87126475
736 1.5628996 0.83265774
737 1.5523001 0.86514334
738 1.5862742 0.91464771
739 1.6396713 0.91890132
740 1.6711366 0.93465493
741 1.6494113 0.91570424
742 1.6256243 0.90555303
743 1.5836314 0.90225363
744 1.5291915 0.88611372
745 1.5240217 0.94937683
746 1.548044 0.94802374
747 1.5892832 0.90144405
748 1.6125629 0.8503612
749 1.6253986 0.87812082
750 1.6627122 0.89849923
751 1.6670753 0.88646777
752 1.6591865 0.89239338
753 1.6686299 0.92622156
754 1.6045423 0.970513
755 1.5500964 0.92364999
756 1.5133551 0.91253856
757 1.5072349 0.96929493
758 1.4403228 0.93179163
759 1.3985621 0.92948242
760 1.3985939 0.94785649
761 1.4905681 0.99235059
762 1.4717773 0.91669577
763 1.4432697 0.90252162
764 1.4048115 0.89772191
765 1.389942 0.94420526
766 1.3234867 0.95866346
767 1.3094552 0.95988709
768 1.2919228 0.90684573
769 1.277731 0.86156586
770 1.2887959 0.83552428
771 1.3440412 0.89661417
772 1.34583 0.93641861
773 1.3124066 0.94759905
774 1.2592061 0.97709876
775 1.1897564 0.95453826
776 1.1863256 0.91098501
777 1.1755667 0.90710444
778 1.1930042 0.95845311
779 1.2410759 0.93076028
780 1.2897323 0.90836021
781 1.3051614 0.80268505
782 1.2789659 0.82033225
783 1.2621084 0.80256985
784 1.21589 0.78528804
785 1.1910834 0.79090348
786 1.1630002 0.87597255
787 1.1418872 0.86440748
788 1.1409653 0.84636987
789 1.1482481 0.84964755
790 1.1300619 0.84479315
791 1.2055744 0.88056233
792 1.2342432 0.88147682
793 1.211103 0.85708211
794 1.1669451 0.81733954
795 1.1522846 0.88861509
796 1.15482 0.8642844
797 1.1605 0.81243043
798 1.1725105 0.77708078
799 1.1931196 0.83519467
800 1.1358383 0.8660906
801 1.0873956 0.83763997
802 1.1083627 0.86546901
803 1.1066479 0.85092679
804 1.1340389 0.84735255
805 1.0978491 0.77702048
806 1.0709897 0.75491178
807 1.1025172 0.77341959
808 1.1144822 0.87861821
809 1.0560429 0.86646078
810 1.001212 0.86653341
811 0.98825774 0.84388282
812 0.99889302 0.84536717
813 1.0150154 0.86698762
814 0.99221947 0.86042205
815 0.98070231 0.85869416
816 1.0068852 0.78225536
817 1.024924 0.72698758
818 1.0227159 0.71089455
819 1.0024957 0.72763377
820 1.0101347 0.69190251
821 1.0380822 0.69754725
822 1.0808666 0.76490927
823 1.0609712 0.82215699
824 1.0438202 0.84731805
825 1.0650133 0.90847971
826 1.0463489 0.85546795
827 0.9979367 0.83091966
828 1.0185518 0.79842193
829 1.004009 0.77938291
830 1.0200284 0.75380414
831 1.0409402 0.71423223
832 1.0846515 0.78316206
833 1.1199876 0.81696497
834 1.0990009 0.73479219
835 1.1171645 0.75388086
836 1.1669839 0.76065438
837 1.1403981 0.74598687
838 1.1244621 0.65510202
839 1.103257 0.63966023
840 1.0822227 0.67165752
841 1.0563591 0.65806405
842 1.0715858 0.73530923
843 1.1044672 0.83232721
844 1.1125569 0.78011066
845 1.1270537 0.7984934
846 1.0906046 0.78317578
847 1.0904603 0.80992117
848 1.0854768 0.76521552
849 1.0400205 0.65603615
850 1.0248574 0.65626001
851 1.0016332 0.7091018
852 0.99047421 0.78872889
853 1.0084397 0.83402962
854 1.0662186 0.86557188
855 1.0720284 0.83881958
856 1.0646321 0.73096688
857 1.100797 0.68577039
858 1.1052839 0.64439144
859 1.1604119 0.65283909
860 1.1881123 0.67824352
861 1.1438963 0.67227464
862 1.1578223 0.70750927
863 1.1369814 0.6824445
864 1.1259285 0.69379699
865 1.1364769 0.71508445
866 1.1010369 0.72571019
867 1.0275861 0.74212232
868 1.0662554 0.79504767
869 1.0703473 0.75843646
870 1.0943449 0.7531521
871 1.1241031 0.76286904
872 1.1726108 0.8027663
873 1.1745948 0.77956325
874 1.1905232 0.74185759
875 1.1612965 0.72775951
876 1.1539875 0.69011426
877 1.1688784 0.68918834
878 1.154514 0.66727435
879 1.0951209 0.64438402
880 1.06458 0.63567473
881 1.0194648 0.66530352
882 0.98021844 0.73212164
883 0.94708696 0.76351183
884 0.91160788 0.67279505
885 0.91827486 0.6566235
886 0.95551918 0.72550747
887 0.96452818 0.62587669
888 0.95496863 0.65953486
889 0.97737879 0.65371981
890 0.98923441 0.69710666
891 1.0214906 0.76071705
892 0.95820648 0.73369802
893 0.97364791 0.77179377
894 0.97718371 0.83088137
895 0.97868742 0.83803883
896 0.94535235 0.85399164
897 0.97353168 0.90760562
898 1.0047101 0.88163467
899 0.98558414 0.83894173
900 0.9940576 0.79468457
901 1.00052 0.80344693
902 1.0340828 0.79138339
903 1.018954 0.72669892
904 0.97266552 0.70314558
905 0.99061333 0.71622231
906 1.0281662 0.73084423
907 1.0313693 0.68668984
908 1.0280351 0.71373101
909 1.0349881 0.74344033
910 1.0797602 0.75460962
911 1.0683747 0.7803035
912 1.092444 0.81975298
913 1.0446443 0.81100683
914 0.99404058 0.75987493
915 0.95802563 0.75265301
916 0.94484392 0.69950275
917 0.94649687 0.71807547
918 0.97737358 0.79595263
919 0.97781606 0.78857486
920 0.97288501 0.73586167
921 1.0211872 0.84027384
922 0.96936825 0.76986142
923 0.9586401 0.7409351
924 0.97612774 0.78597713
925 0.96726917 0.79009459
926 0.9402675 0.75939598
927 0.92310959 0.75758524
928 1.0026792 0.731583
929 1.012298 0.68313188
930 1.0142646 0.66956082
931 1.0068416 0.74427192
932 0.97243457 0.69006124
933 0.91127836 0.71159167
934 0.93480649 0.68243164
935 0.94676925 0.66489625
936 0.99025941 0.62829414
937 0.97107238 0.59951194
938 0.99867752 0.61295915
939 1.0446457 0.61489613
940 1.0237165 0.63459369
941 0.95882809 0.70429521
942 0.91780383 0.73640559
943 0.92115295 0.70902666
944 0.90584849 0.60550263
945 0.90768386 0.63271997
946 0.95434905 0.65868921
947 0.99925478 0.73096736
948 1.0005946 0.75211281
949 0.9378725 0.67575813
950 0.92872677 0.72377669
951 0.90405198 0.71179721
952 0.84352827 0.70693891
953 0.80134477 0.64642245
954 0.79731617 0.65670928
955 0.8243188 0.70465461
956 0.86030245 0.74192404
957 0.89226481 0.74986844
958 0.93909095 0.79856909
959 0.95754898 0.78427135
960 0.96295694 0.75706197
961 1.0024498 0.7752844
962 0.93506375 0.67080045
963 0.93765206 0.65887008
964 0.95187077 0.63476883
965 1.0067653 0.68299943
966 1.0345271 0.6658605
967 1.0864705 0.65941982
968 1.095749 0.66950772
969 1.1306955 0.67020364
970 1.162215 0.67786462
971 1.1720311 0.71543879
972 1.1446399 0.7028966
973 1.1237473 0.71875148
974 1.1048468 0.75515561
975 1.0998415 0.75890668
976 1.1277647 0.78938102
977 1.107849 0.76507094
978 1.0788968 0.73304744
979 1.0876132 0.85024289
980 1.0719063 0.86796222
981 1.0878689 0.91642544
982 1.0240591 0.93184636
983 0.96945187 0.92107977
984 0.92283917 0.89876182
985 0.8972524 0.89108124
986 0.89504697 0.82053436
987 0.90866477 0.7986022
988 0.88968214 0.731782
989 0.90506758 0.77630031
990 0.94995832 0.8878985
991 0.95800028 0.83895829
992 0.96077157 0.94162047
993 0.99216805 0.83481742
994 0.95802767 0.87018466
995 1.0023839 0.80336153
996 0.97614832 0.73439946
997 0.98112109 0.68534649
998 1.0138731 0.67496814
999 1.0397016 0.67108782
1000 1.0582708 0.66625867

