   4.9000000e+01   0.0000000e+00
   9.9000000e+01   0.0000000e+00
   1.4900000e+02  -1.1428072e-01
   1.9900000e+02  -5.9033144e-01
   2.4900000e+02   1.1394670e-02
   2.9900000e+02   8.4590824e-01
   3.4900000e+02  -8.0183327e-01
   3.9900000e+02   1.6991000e-02
   4.4900000e+02  -9.1434417e-01
   4.9900000e+02  -5.8659513e-01
   5.4900000e+02   2.7923119e-01
   5.9900000e+02  -2.2379750e-01
   6.4900000e+02   7.6811501e-02
   6.9900000e+02   9.7895287e-01
   7.4900000e+02   9.0719102e-01
   7.9900000e+02   4.5251674e-02
   8.4900000e+02   6.4762647e-01
   8.9900000e+02   1.3306509e+00
   9.4900000e+02   6.0868699e-01
   9.9900000e+02   8.1391857e-01
   1.0490000e+03   1.2088329e+00
   1.0990000e+03   7.9244183e-01
   1.1490000e+03   9.0779741e-01
   1.1990000e+03   1.2927108e+00
   1.2490000e+03   1.4994999e+00
   1.2990000e+03   1.3888479e+00
   1.3490000e+03   6.3109792e-01
   1.3990000e+03   6.5409238e-01
   1.4490000e+03   5.0515025e-01
   1.4990000e+03   8.1650198e-02
   1.5490000e+03   3.8422146e-01
   1.5990000e+03   2.6868663e-01
   1.6490000e+03   1.2111523e+00
   1.6990000e+03   1.4452154e+00
   1.7490000e+03  -4.3897235e-01
   1.7990000e+03   2.0273744e-01
   1.8490000e+03   1.2766931e+00
   1.8990000e+03   3.6889392e-01
   1.9490000e+03  -5.3068934e-01
   1.9990000e+03  -4.2258302e-01
   2.0490000e+03   8.9066609e-02
   2.0990000e+03   6.9173383e-01
   2.1490000e+03   3.3295367e-01
   2.1990000e+03   1.0418108e+00
   2.2490000e+03   1.2948498e+00
   2.2990000e+03   5.5725549e-01
   2.3490000e+03  -2.5354789e-01
   2.3990000e+03  -4.2699550e-03
   2.4490000e+03   6.3162253e-01
   2.4990000e+03   4.7510769e-01
   2.5490000e+03   6.8482500e-01
   2.5990000e+03   1.0193073e+00
   2.6490000e+03   1.8793136e-01
   2.6990000e+03   7.0420377e-01
   2.7490000e+03   2.6198602e-01
   2.7990000e+03   3.6071738e-01
   2.8490000e+03   1.1157021e+00
   2.8990000e+03   1.8097321e-01
   2.9490000e+03   1.7779798e+00
   2.9990000e+03   1.6558967e+00
   3.0490000e+03   1.2126583e+00
   3.0990000e+03   9.5626940e-02
   3.1490000e+03   5.7635898e-01
   3.1990000e+03   6.1799266e-01
   3.2490000e+03   2.8239875e-01
   3.2990000e+03   1.5219308e+00
   3.3490000e+03   5.7566586e-01
   3.3990000e+03  -2.1153437e-01
   3.4490000e+03   1.4050589e-01
   3.4990000e+03   1.1835961e+00
   3.5490000e+03   1.7177456e+00
   3.5990000e+03   4.3372030e-01
   3.6490000e+03   3.8062796e-01
   3.6990000e+03   1.4321492e+00
   3.7490000e+03   6.5721421e-01
   3.7990000e+03  -8.9738500e-03
   3.8490000e+03   9.3554998e-01
   3.8990000e+03   1.3702564e+00
   3.9490000e+03   4.2105719e-01
   3.9990000e+03   1.5147923e-01
   4.0490000e+03   3.5629413e-01
   4.0990000e+03   8.1432238e-01
   4.1490000e+03   1.1003887e+00
   4.1990000e+03   9.1897197e-01
   4.2490000e+03   4.9238535e-01
   4.2990000e+03   5.3322828e-01
   4.3490000e+03   7.1120378e-01
   4.3990000e+03   4.9058827e-01
   4.4490000e+03   1.0177285e+00
   4.4990000e+03   8.9335879e-01
   4.5490000e+03   9.5729161e-01
   4.5990000e+03   1.2073818e+00
   4.6490000e+03   1.1089934e+00
   4.6990000e+03   1.6038503e+00
   4.7490000e+03   8.7594297e-01
   4.7990000e+03  -7.9723052e-02
   4.8490000e+03   8.2852579e-01
   4.8990000e+03   6.6440897e-01
   4.9490000e+03   9.0724813e-01
   4.9990000e+03   1.4486541e+00
   5.0490000e+03   1.7947572e+00
   5.0990000e+03   1.6887443e+00
   5.1490000e+03   7.6163936e-01
   5.1990000e+03   1.1371285e+00
   5.2490000e+03   1.1154013e+00
   5.2990000e+03   1.4933084e+00
   5.3490000e+03   4.2167078e-01
   5.3990000e+03  -5.0316107e-02
   5.4490000e+03   7.1135206e-01
   5.4990000e+03   7.6410197e-01
   5.5490000e+03   7.7872746e-01
   5.5990000e+03   3.9997609e-01
   5.6490000e+03   5.1226492e-01
   5.6990000e+03   1.6001549e+00
   5.7490000e+03   2.2404523e+00
   5.7990000e+03   2.0212582e+00
   5.8490000e+03   8.8646682e-01
   5.8990000e+03   9.1485574e-01
   5.9490000e+03  -1.2533104e-01
   5.9990000e+03   1.1165380e+00
   6.0490000e+03   2.3426655e+00
   6.0990000e+03   2.0510231e+00
   6.1490000e+03   7.6667950e-01
   6.1990000e+03   1.1341386e+00
   6.2490000e+03   1.7288077e+00
   6.2990000e+03   1.7267231e+00
   6.3490000e+03   1.1251439e+00
   6.3990000e+03   1.6418405e+00
   6.4490000e+03   2.6205097e+00
   6.4990000e+03   2.3166075e+00
   6.5490000e+03   1.0690987e+00
   6.5990000e+03   1.3537722e-01
   6.6490000e+03   8.6847486e-01
   6.6990000e+03   1.0769512e+00
   6.7490000e+03   1.1562378e+00
   6.7990000e+03   2.4858840e+00
   6.8490000e+03   2.5601284e+00
   6.8990000e+03   1.7718739e+00
   6.9490000e+03   9.8085882e-01
   6.9990000e+03   1.4186859e+00
   7.0490000e+03   2.0660189e+00
   7.0990000e+03   1.5526505e+00
   7.1490000e+03   1.8067140e+00
   7.1990000e+03   2.5888783e+00
   7.2490000e+03   2.3812316e+00
   7.2990000e+03   1.3789866e+00
   7.3490000e+03   1.6796781e+00
   7.3990000e+03   1.6988097e+00
   7.4490000e+03   1.7428707e+00
   7.4990000e+03   2.1842924e-01
   7.5490000e+03   3.9426148e-01
   7.5990000e+03   1.6072272e+00
   7.6490000e+03   1.9563588e+00
   7.6990000e+03   4.2556935e-01
   7.7490000e+03   1.5593465e+00
   7.7990000e+03   1.5222354e+00
   7.8490000e+03   2.0739680e+00
   7.8990000e+03   2.1210787e+00
   7.9490000e+03   1.6381465e+00
   7.9990000e+03   1.7831594e+00
   8.0490000e+03   2.7961781e+00
   8.0990000e+03   2.8006962e+00
   8.1490000e+03   1.2788396e+00
   8.1990000e+03   4.7590285e-01
   8.2490000e+03   1.9976756e+00
   8.2990000e+03   1.6261744e+00
   8.3490000e+03   1.9865528e+00
   8.3990000e+03   1.3646560e+00
   8.4490000e+03   1.2295082e+00
   8.4990000e+03   1.5862299e+00
   8.5490000e+03   1.4158830e+00
   8.5990000e+03   1.6562882e+00
   8.6490000e+03   1.2134563e+00
   8.6990000e+03   1.7671289e+00
   8.7490000e+03   1.4956674e+00
   8.7990000e+03   1.1526375e+00
   8.8490000e+03   1.8951083e+00
   8.8990000e+03   1.7330770e+00
   8.9490000e+03   1.6957987e+00
   8.9990000e+03   1.8626750e+00
   9.0490000e+03   1.8110661e+00
   9.0990000e+03   2.3924511e+00
   9.1490000e+03   1.5627209e+00
   9.1990000e+03   2.0996202e+00
   9.2490000e+03   2.7076500e+00
   9.2990000e+03   1.8183112e+00
   9.3490000e+03   1.8493416e+00
   9.3990000e+03   2.0699054e+00
   9.4490000e+03   1.6190728e+00
   9.4990000e+03   1.2261897e+00
   9.5490000e+03   1.8107858e+00
   9.5990000e+03   2.2095766e+00
   9.6490000e+03   1.7624334e+00
   9.6990000e+03   1.9266914e+00
   9.7490000e+03   2.1809094e+00
   9.7990000e+03   1.7558199e+00
   9.8490000e+03   2.2422212e+00
   9.8990000e+03   1.4840154e+00
   9.9490000e+03   1.8673553e+00
   9.9990000e+03   1.4577741e+00
