   1.0000000e+02   5.5745315e-01
   1.2000000e+02   3.6363491e-01
   1.4000000e+02   4.6559654e-01
   1.6000000e+02   5.5034328e-01
   1.8000000e+02   3.9337528e-01
   2.0000000e+02   4.5897655e-01
   2.2000000e+02   7.4060172e-01
   2.4000000e+02   5.8268594e-01
   2.6000000e+02   5.3690713e-01
   2.8000000e+02   6.2319479e-01
   3.0000000e+02   5.7279365e-01
   3.2000000e+02   5.2254519e-01
   3.4000000e+02   6.4812355e-01
   3.6000000e+02   6.9546582e-01
   3.8000000e+02   5.7730982e-01
   4.0000000e+02   4.2287927e-01
   4.2000000e+02   5.9332103e-01
   4.4000000e+02   8.1113730e-01
   4.6000000e+02   8.6843924e-01
   4.8000000e+02   7.8911533e-01
   5.0000000e+02   7.2851061e-01
   5.2000000e+02   6.9884431e-01
   5.4000000e+02   5.8303928e-01
   5.6000000e+02   6.8514766e-01
   5.8000000e+02   5.9569660e-01
   6.0000000e+02   6.3106016e-01
   6.2000000e+02   7.3034016e-01
   6.4000000e+02   5.0435880e-01
   6.6000000e+02   5.7384872e-01
   6.8000000e+02   7.2960458e-01
   7.0000000e+02   6.2989301e-01
   7.2000000e+02   6.8675603e-01
   7.4000000e+02   7.6470724e-01
   7.6000000e+02   8.1647592e-01
   7.8000000e+02   7.6748032e-01
   8.0000000e+02   7.4996797e-01
   8.2000000e+02   8.4132830e-01
   8.4000000e+02   5.5958500e-01
   8.6000000e+02   5.7923573e-01
   8.8000000e+02   5.4013753e-01
   9.0000000e+02   5.3308469e-01
   9.2000000e+02   6.1736686e-01
   9.4000000e+02   5.8860564e-01
   9.6000000e+02   5.5320765e-01
   9.8000000e+02   6.1293743e-01
   1.0000000e+03   3.5340702e-01
   1.0200000e+03   5.6931302e-01
   1.0400000e+03   5.2750774e-01
   1.0600000e+03   5.4442731e-01
   1.0800000e+03   6.9463929e-01
   1.1000000e+03   5.1314144e-01
   1.1200000e+03   5.7875169e-01
   1.1400000e+03   6.2514459e-01
   1.1600000e+03   6.0753835e-01
   1.1800000e+03   4.3064484e-01
   1.2000000e+03   3.9209000e-01
   1.2200000e+03   7.7045531e-01
   1.2400000e+03   8.1793846e-01
   1.2600000e+03   8.9595374e-01
   1.2800000e+03   1.0369419e+00
   1.3000000e+03   7.9344254e-01
   1.3200000e+03   7.1713713e-01
   1.3400000e+03   5.9371435e-01
   1.3600000e+03   5.7309841e-01
   1.3800000e+03   4.1327811e-01
   1.4000000e+03   6.1566156e-01
   1.4200000e+03   7.6898090e-01
   1.4400000e+03   9.2712599e-01
   1.4600000e+03   7.6944906e-01
   1.4800000e+03   9.0914967e-01
   1.5000000e+03   5.1864725e-01
   1.5200000e+03   7.5167306e-01
   1.5400000e+03   5.2701985e-01
   1.5600000e+03   6.6816015e-01
   1.5800000e+03   6.3022201e-01
   1.6000000e+03   6.0065577e-01
   1.6200000e+03   8.4200722e-01
   1.6400000e+03   6.6489967e-01
   1.6600000e+03   7.7256228e-01
   1.6800000e+03   7.5023755e-01
   1.7000000e+03   6.9653242e-01
   1.7200000e+03   5.5911917e-01
   1.7400000e+03   7.1982007e-01
   1.7600000e+03   8.4136576e-01
   1.7800000e+03   7.9694155e-01
   1.8000000e+03   7.5398774e-01
   1.8200000e+03   6.6550483e-01
   1.8400000e+03   6.3449317e-01
   1.8600000e+03   3.8322055e-01
   1.8800000e+03   5.8599343e-01
   1.9000000e+03   6.7484246e-01
   1.9200000e+03   6.4840230e-01
   1.9400000e+03   6.2728556e-01
   1.9600000e+03   6.6135898e-01
   1.9800000e+03   5.5619335e-01
   2.0000000e+03   5.8772859e-01
   2.0200000e+03   7.6710828e-01
   2.0400000e+03   9.0022130e-01
   2.0600000e+03   7.5777650e-01
   2.0800000e+03   7.7658733e-01
   2.1000000e+03   6.0406540e-01
   2.1200000e+03   4.7383888e-01
   2.1400000e+03   3.7145609e-01
   2.1600000e+03   3.9985266e-01
   2.1800000e+03   6.2321863e-01
   2.2000000e+03   5.5566866e-01
   2.2200000e+03   7.1645923e-01
   2.2400000e+03   7.5723753e-01
   2.2600000e+03   6.3604056e-01
   2.2800000e+03   6.9280672e-01
   2.3000000e+03   4.3790985e-01
   2.3200000e+03   6.0662447e-01
   2.3400000e+03   7.2457324e-01
   2.3600000e+03   7.2592408e-01
   2.3800000e+03   6.5798223e-01
   2.4000000e+03   7.7687994e-01
   2.4200000e+03   4.6731683e-01
   2.4400000e+03   7.7547806e-01
   2.4600000e+03   7.2958714e-01
   2.4800000e+03   7.1187461e-01
   2.5000000e+03   5.8435983e-01
   2.5200000e+03   6.6748239e-01
   2.5400000e+03   5.8714671e-01
   2.5600000e+03   8.4277392e-01
   2.5800000e+03   6.8744493e-01
   2.6000000e+03   8.0161124e-01
   2.6200000e+03   8.4830965e-01
   2.6400000e+03   6.7306663e-01
   2.6600000e+03   5.2227436e-01
   2.6800000e+03   7.1338871e-01
   2.7000000e+03   6.1787623e-01
   2.7200000e+03   5.3219832e-01
   2.7400000e+03   5.8078201e-01
   2.7600000e+03   6.3409750e-01
   2.7800000e+03   5.1505559e-01
   2.8000000e+03   6.2809596e-01
   2.8200000e+03   7.2270108e-01
   2.8400000e+03   6.6041138e-01
   2.8600000e+03   6.9156267e-01
   2.8800000e+03   6.6915056e-01
   2.9000000e+03   7.2116673e-01
   2.9200000e+03   7.4034274e-01
   2.9400000e+03   6.8928875e-01
   2.9600000e+03   8.0526116e-01
   2.9800000e+03   1.0205180e+00
   3.0000000e+03   1.0031518e+00
   3.0200000e+03   8.7159975e-01
   3.0400000e+03   1.1748743e+00
   3.0600000e+03   7.9320979e-01
   3.0800000e+03   7.1887989e-01
   3.1000000e+03   6.4099255e-01
   3.1200000e+03   6.9950389e-01
   3.1400000e+03   5.2956911e-01
   3.1600000e+03   5.8608997e-01
   3.1800000e+03   6.2471093e-01
   3.2000000e+03   6.5721879e-01
   3.2200000e+03   5.7252942e-01
   3.2400000e+03   6.7063042e-01
   3.2600000e+03   6.6764621e-01
   3.2800000e+03   5.9627947e-01
   3.3000000e+03   6.0894904e-01
   3.3200000e+03   7.3148485e-01
   3.3400000e+03   7.4837445e-01
   3.3600000e+03   6.3806959e-01
   3.3800000e+03   8.6479195e-01
   3.4000000e+03   8.7836476e-01
   3.4200000e+03   6.9384112e-01
   3.4400000e+03   8.0050706e-01
   3.4600000e+03   1.0342960e+00
   3.4800000e+03   8.0896731e-01
   3.5000000e+03   6.8220994e-01
   3.5200000e+03   7.3296102e-01
   3.5400000e+03   8.1442601e-01
   3.5600000e+03   8.5580654e-01
   3.5800000e+03   7.6186845e-01
   3.6000000e+03   9.2198927e-01
   3.6200000e+03   1.0743747e+00
   3.6400000e+03   1.1582518e+00
   3.6600000e+03   9.2563169e-01
   3.6800000e+03   1.0422009e+00
   3.7000000e+03   9.5430827e-01
   3.7200000e+03   7.7826223e-01
   3.7400000e+03   6.4628547e-01
   3.7600000e+03   6.9668623e-01
   3.7800000e+03   1.0157179e+00
   3.8000000e+03   1.0941814e+00
   3.8200000e+03   9.7494431e-01
   3.8400000e+03   1.0723721e+00
   3.8600000e+03   1.0645065e+00
   3.8800000e+03   8.9459154e-01
   3.9000000e+03   1.2930505e+00
   3.9200000e+03   1.1497748e+00
   3.9400000e+03   1.2149815e+00
   3.9600000e+03   8.1051553e-01
   3.9800000e+03   1.1074081e+00
   4.0000000e+03   7.3169424e-01
   4.0200000e+03   9.3048383e-01
   4.0400000e+03   8.9247472e-01
   4.0600000e+03   1.2319265e+00
   4.0800000e+03   1.2637171e+00
   4.1000000e+03   1.1788893e+00
   4.1200000e+03   1.2792331e+00
   4.1400000e+03   1.0884591e+00
   4.1600000e+03   1.1398229e+00
   4.1800000e+03   9.3943688e-01
   4.2000000e+03   9.4893386e-01
   4.2200000e+03   8.3673459e-01
   4.2400000e+03   8.4930077e-01
   4.2600000e+03   1.0464314e+00
   4.2800000e+03   8.8797980e-01
   4.3000000e+03   9.9453577e-01
   4.3200000e+03   1.0887154e+00
   4.3400000e+03   1.3164459e+00
   4.3600000e+03   1.1288121e+00
   4.3800000e+03   1.4487444e+00
   4.4000000e+03   9.1310643e-01
   4.4200000e+03   8.3823974e-01
   4.4400000e+03   5.4366474e-01
   4.4600000e+03   4.8504053e-01
   4.4800000e+03   7.1629431e-01
   4.5000000e+03   6.2961343e-01
   4.5200000e+03   8.6858966e-01
   4.5400000e+03   9.7638666e-01
   4.5600000e+03   1.0032020e+00
   4.5800000e+03   1.1562594e+00
   4.6000000e+03   1.1594979e+00
   4.6200000e+03   9.2196713e-01
   4.6400000e+03   1.2452665e+00
   4.6600000e+03   1.2905101e+00
   4.6800000e+03   1.0072910e+00
   4.7000000e+03   8.4497126e-01
   4.7200000e+03   9.0495097e-01
   4.7400000e+03   7.3101388e-01
   4.7600000e+03   8.6715371e-01
   4.7800000e+03   1.0696957e+00
   4.8000000e+03   9.9227858e-01
   4.8200000e+03   1.0219684e+00
   4.8400000e+03   1.2123732e+00
   4.8600000e+03   1.0957975e+00
   4.8800000e+03   1.1126619e+00
   4.9000000e+03   9.6701899e-01
   4.9200000e+03   1.0285827e+00
   4.9400000e+03   8.7254050e-01
   4.9600000e+03   9.7531643e-01
   4.9800000e+03   5.9384597e-01
   5.0000000e+03   1.1285426e+00
   5.0200000e+03   1.1644099e+00
   5.0400000e+03   1.2332810e+00
   5.0600000e+03   1.0728799e+00
   5.0800000e+03   8.0529260e-01
   5.1000000e+03   1.0299562e+00
   5.1200000e+03   1.3222411e+00
   5.1400000e+03   1.3617335e+00
   5.1600000e+03   1.2853566e+00
   5.1800000e+03   1.3164803e+00
   5.2000000e+03   1.2850818e+00
   5.2200000e+03   1.1289264e+00
   5.2400000e+03   1.0968319e+00
   5.2600000e+03   1.2013286e+00
   5.2800000e+03   9.7166060e-01
   5.3000000e+03   1.2499438e+00
   5.3200000e+03   1.1080687e+00
   5.3400000e+03   8.7363649e-01
   5.3600000e+03   1.0648400e+00
   5.3800000e+03   9.4315372e-01
   5.4000000e+03   7.5855875e-01
   5.4200000e+03   1.0228015e+00
   5.4400000e+03   1.1171119e+00
   5.4600000e+03   1.2216209e+00
   5.4800000e+03   1.2572634e+00
   5.5000000e+03   1.4600171e+00
   5.5200000e+03   1.2717219e+00
   5.5400000e+03   8.7520010e-01
   5.5600000e+03   1.1804655e+00
   5.5800000e+03   9.4481590e-01
   5.6000000e+03   7.8937215e-01
   5.6200000e+03   1.1099279e+00
   5.6400000e+03   1.2025903e+00
   5.6600000e+03   1.0023806e+00
   5.6800000e+03   1.1803156e+00
   5.7000000e+03   1.0961552e+00
   5.7200000e+03   9.8882014e-01
   5.7400000e+03   1.0688610e+00
   5.7600000e+03   9.5759506e-01
   5.7800000e+03   8.0279194e-01
   5.8000000e+03   8.4146025e-01
   5.8200000e+03   9.0912566e-01
   5.8400000e+03   9.8859310e-01
   5.8600000e+03   1.1320427e+00
   5.8800000e+03   1.1210160e+00
   5.9000000e+03   9.8519270e-01
   5.9200000e+03   1.0117632e+00
   5.9400000e+03   9.8689557e-01
   5.9600000e+03   9.7996299e-01
   5.9800000e+03   9.8090669e-01
   6.0000000e+03   1.1893521e+00
   6.0200000e+03   1.3111704e+00
   6.0400000e+03   1.3134817e+00
   6.0600000e+03   1.4485677e+00
   6.0800000e+03   9.8264818e-01
   6.1000000e+03   7.9873210e-01
   6.1200000e+03   7.4181155e-01
   6.1400000e+03   7.9649975e-01
   6.1600000e+03   9.3195191e-01
   6.1800000e+03   1.0836235e+00
   6.2000000e+03   1.3791045e+00
   6.2200000e+03   1.6103995e+00
   6.2400000e+03   1.2556543e+00
   6.2600000e+03   1.2383141e+00
   6.2800000e+03   1.3596069e+00
   6.3000000e+03   1.2035626e+00
   6.3200000e+03   1.0871057e+00
   6.3400000e+03   1.0021285e+00
   6.3600000e+03   1.1852600e+00
   6.3800000e+03   8.3653369e-01
   6.4000000e+03   6.9689688e-01
   6.4200000e+03   9.8283757e-01
   6.4400000e+03   8.0490516e-01
   6.4600000e+03   1.1195784e+00
   6.4800000e+03   1.2952574e+00
   6.5000000e+03   1.4978435e+00
   6.5200000e+03   1.1868651e+00
   6.5400000e+03   1.1761264e+00
   6.5600000e+03   8.3053634e-01
   6.5800000e+03   9.3166607e-01
   6.6000000e+03   9.4245619e-01
   6.6200000e+03   8.3702445e-01
   6.6400000e+03   9.9747806e-01
   6.6600000e+03   1.5104698e+00
   6.6800000e+03   1.4112740e+00
   6.7000000e+03   1.4928694e+00
   6.7200000e+03   1.2922530e+00
   6.7400000e+03   1.2879812e+00
   6.7600000e+03   9.1814303e-01
   6.7800000e+03   1.0265955e+00
   6.8000000e+03   1.1332951e+00
   6.8200000e+03   1.1766061e+00
   6.8400000e+03   1.2240588e+00
   6.8600000e+03   1.1555802e+00
   6.8800000e+03   1.0833459e+00
   6.9000000e+03   1.3703535e+00
   6.9200000e+03   1.4814155e+00
   6.9400000e+03   1.3759114e+00
   6.9600000e+03   9.4126018e-01
   6.9800000e+03   1.3186565e+00
   7.0000000e+03   1.2519403e+00
   7.0200000e+03   1.1002525e+00
   7.0400000e+03   8.1929384e-01
   7.0600000e+03   1.1782960e+00
   7.0800000e+03   1.0275570e+00
   7.1000000e+03   8.4817892e-01
   7.1200000e+03   1.1253123e+00
   7.1400000e+03   1.1158234e+00
   7.1600000e+03   9.3511611e-01
   7.1800000e+03   1.1475581e+00
   7.2000000e+03   1.1524457e+00
   7.2200000e+03   1.4645657e+00
   7.2400000e+03   1.2822983e+00
   7.2600000e+03   1.5792719e+00
   7.2800000e+03   1.4330115e+00
   7.3000000e+03   1.1260113e+00
   7.3200000e+03   8.8601909e-01
   7.3400000e+03   1.0405263e+00
   7.3600000e+03   8.1265718e-01
   7.3800000e+03   4.4240962e-01
   7.4000000e+03   9.8608124e-01
   7.4200000e+03   1.0655311e+00
   7.4400000e+03   1.0038087e+00
   7.4600000e+03   1.0613214e+00
   7.4800000e+03   8.0980434e-01
   7.5000000e+03   8.3837679e-01
   7.5200000e+03   1.0054594e+00
   7.5400000e+03   1.1161661e+00
   7.5600000e+03   1.1841677e+00
   7.5800000e+03   1.5807952e+00
   7.6000000e+03   1.2944165e+00
   7.6200000e+03   1.2497417e+00
   7.6400000e+03   1.0199651e+00
   7.6600000e+03   1.1223732e+00
   7.6800000e+03   1.1710220e+00
   7.7000000e+03   1.3166824e+00
   7.7200000e+03   1.2953779e+00
   7.7400000e+03   1.5702931e+00
   7.7600000e+03   1.3442628e+00
   7.7800000e+03   1.4735264e+00
   7.8000000e+03   1.5156536e+00
   7.8200000e+03   1.8298652e+00
   7.8400000e+03   1.4646888e+00
   7.8600000e+03   1.4364606e+00
   7.8800000e+03   1.3568659e+00
   7.9000000e+03   1.2746200e+00
   7.9200000e+03   9.0407630e-01
   7.9400000e+03   9.8428350e-01
   7.9600000e+03   1.2082026e+00
   7.9800000e+03   1.3066812e+00
   8.0000000e+03   1.6457726e+00
   8.0200000e+03   1.6874891e+00
   8.0400000e+03   1.7819212e+00
   8.0600000e+03   1.5629542e+00
   8.0800000e+03   1.5636870e+00
   8.1000000e+03   1.2639032e+00
   8.1200000e+03   1.3281692e+00
   8.1400000e+03   1.2395745e+00
   8.1600000e+03   1.2521002e+00
   8.1800000e+03   1.2322656e+00
   8.2000000e+03   1.4283267e+00
   8.2200000e+03   1.2442492e+00
   8.2400000e+03   1.2979070e+00
   8.2600000e+03   8.4977508e-01
   8.2800000e+03   1.1633897e+00
   8.3000000e+03   1.2153712e+00
   8.3200000e+03   1.0925729e+00
   8.3400000e+03   1.5026361e+00
   8.3600000e+03   1.1860718e+00
   8.3800000e+03   1.5553237e+00
   8.4000000e+03   1.3826524e+00
   8.4200000e+03   1.2115817e+00
   8.4400000e+03   1.5085865e+00
   8.4600000e+03   1.2388515e+00
   8.4800000e+03   1.4029377e+00
   8.5000000e+03   1.3774305e+00
   8.5200000e+03   1.1505221e+00
   8.5400000e+03   1.2424772e+00
   8.5600000e+03   9.3024438e-01
   8.5800000e+03   1.1719730e+00
   8.6000000e+03   1.1194517e+00
   8.6200000e+03   1.0496629e+00
   8.6400000e+03   1.2380982e+00
   8.6600000e+03   1.1169588e+00
   8.6800000e+03   9.6841785e-01
   8.7000000e+03   1.2706164e+00
   8.7200000e+03   1.2245868e+00
   8.7400000e+03   8.7211428e-01
   8.7600000e+03   1.1578626e+00
   8.7800000e+03   9.4618821e-01
   8.8000000e+03   1.2589163e+00
   8.8200000e+03   1.3564991e+00
   8.8400000e+03   1.6079224e+00
   8.8600000e+03   1.6311981e+00
   8.8800000e+03   1.7763307e+00
   8.9000000e+03   1.6728715e+00
   8.9200000e+03   1.5368221e+00
   8.9400000e+03   1.4704122e+00
   8.9600000e+03   1.3973845e+00
   8.9800000e+03   1.2825516e+00
   9.0000000e+03   1.4457305e+00
   9.0200000e+03   1.8475598e+00
   9.0400000e+03   1.8460363e+00
   9.0600000e+03   1.6982013e+00
   9.0800000e+03   1.4729198e+00
   9.1000000e+03   1.1368954e+00
   9.1200000e+03   1.2446113e+00
   9.1400000e+03   1.0130793e+00
   9.1600000e+03   9.2024473e-01
   9.1800000e+03   1.3697409e+00
   9.2000000e+03   1.4521249e+00
   9.2200000e+03   1.5431934e+00
   9.2400000e+03   1.4733286e+00
   9.2600000e+03   1.2668286e+00
   9.2800000e+03   1.4013835e+00
   9.3000000e+03   1.1297426e+00
   9.3200000e+03   1.5222390e+00
   9.3400000e+03   1.3516572e+00
   9.3600000e+03   1.4018667e+00
   9.3800000e+03   1.5420193e+00
   9.4000000e+03   1.5516377e+00
   9.4200000e+03   1.6424351e+00
   9.4400000e+03   1.3666033e+00
   9.4600000e+03   1.3245693e+00
   9.4800000e+03   9.0192788e-01
   9.5000000e+03   7.9036938e-01
   9.5200000e+03   9.8586878e-01
   9.5400000e+03   7.3984354e-01
   9.5600000e+03   1.0762498e+00
   9.5800000e+03   9.9142046e-01
   9.6000000e+03   8.8882225e-01
   9.6200000e+03   8.6254456e-01
   9.6400000e+03   9.4666217e-01
   9.6600000e+03   1.3020407e+00
   9.6800000e+03   1.7276334e+00
   9.7000000e+03   1.4354572e+00
   9.7200000e+03   1.4650861e+00
   9.7400000e+03   1.1989011e+00
   9.7600000e+03   1.6030049e+00
   9.7800000e+03   7.7227343e-01
   9.8000000e+03   1.2818473e+00
   9.8200000e+03   9.4640047e-01
   9.8400000e+03   1.2532525e+00
   9.8600000e+03   1.1615251e+00
   9.8800000e+03   1.3475449e+00
   9.9000000e+03   1.3876586e+00
   9.9200000e+03   1.3307694e+00
   9.9400000e+03   1.7570311e+00
   9.9600000e+03   1.4026191e+00
   9.9800000e+03   1.4233849e+00
   1.0000000e+04   1.6573788e+00
