   7.3252388e+05   7.2315054e-01   0.0000000e+00
   7.3252400e+05   7.1876428e-01   0.0000000e+00
   7.3252412e+05   7.0109966e-01   0.0000000e+00
   7.3252425e+05   6.9916971e-01   0.0000000e+00
   7.3252438e+05   6.8906756e-01   0.0000000e+00
   7.3252450e+05   6.7614430e-01   0.0000000e+00
   7.3252462e+05   6.7738909e-01   0.0000000e+00
   7.3252475e+05   6.8236030e-01   0.0000000e+00
   7.3252488e+05   6.7491368e-01   0.0000000e+00
   7.3252500e+05   6.7642662e-01   0.0000000e+00
   7.3252512e+05   6.7098281e-01   0.0000000e+00
   7.3252525e+05   6.7315336e-01   0.0000000e+00
   7.3252538e+05   6.6998333e-01   0.0000000e+00
   7.3252550e+05   6.6228761e-01   0.0000000e+00
   7.3252562e+05   6.6727307e-01   0.0000000e+00
   7.3252575e+05   6.7673587e-01   0.0000000e+00
   7.3252588e+05   6.8115201e-01   0.0000000e+00
   7.3252600e+05   6.8712470e-01   0.0000000e+00
   7.3252612e+05   6.8344606e-01   0.0000000e+00
   7.3252625e+05   6.7904882e-01   0.0000000e+00
   7.3252638e+05   6.8014330e-01   0.0000000e+00
   7.3252650e+05   6.7682996e-01   0.0000000e+00
   7.3252662e+05   6.7230414e-01   0.0000000e+00
   7.3252675e+05   6.6374006e-01   0.0000000e+00
   7.3252688e+05   6.6159915e-01   0.0000000e+00
   7.3252700e+05   6.6567461e-01   0.0000000e+00
   7.3252712e+05   6.6046877e-01   0.0000000e+00
   7.3252725e+05   6.5910011e-01   0.0000000e+00
   7.3252738e+05   6.6218434e-01   0.0000000e+00
   7.3252750e+05   6.6678944e-01   0.0000000e+00
   7.3252762e+05   6.7627174e-01   0.0000000e+00
   7.3252775e+05   6.7321047e-01   0.0000000e+00
   7.3252788e+05   6.7305093e-01   0.0000000e+00
   7.3252800e+05   6.8073017e-01   0.0000000e+00
   7.3252812e+05   6.8081336e-01   0.0000000e+00
   7.3252825e+05   6.7480794e-01   0.0000000e+00
   7.3252838e+05   6.6174424e-01   0.0000000e+00
   7.3252850e+05   6.4872859e-01   0.0000000e+00
   7.3252862e+05   6.5912268e-01   0.0000000e+00
   7.3252875e+05   6.6322656e-01   0.0000000e+00
   7.3252888e+05   6.6301995e-01   0.0000000e+00
   7.3252900e+05   6.5905649e-01   0.0000000e+00
   7.3252912e+05   6.3776111e-01   0.0000000e+00
   7.3252925e+05   6.2819706e-01   0.0000000e+00
   7.3252938e+05   6.1515739e-01   0.0000000e+00
   7.3252950e+05   6.1278493e-01   0.0000000e+00
   7.3252962e+05   6.2617510e-01   0.0000000e+00
   7.3252975e+05   6.4469577e-01   0.0000000e+00
   7.3252988e+05   6.5461238e-01   0.0000000e+00
   7.3253000e+05   6.5225858e-01   0.0000000e+00
   7.3253012e+05   6.6018510e-01   0.0000000e+00
   7.3253025e+05   6.5770653e-01   0.0000000e+00
   7.3253038e+05   6.6019652e-01   0.0000000e+00
   7.3253050e+05   6.6080856e-01   0.0000000e+00
   7.3253062e+05   6.7783417e-01   0.0000000e+00
   7.3253075e+05   6.8317656e-01   0.0000000e+00
   7.3253088e+05   6.8855369e-01   0.0000000e+00
   7.3253100e+05   6.9560033e-01   0.0000000e+00
   7.3253112e+05   6.8901463e-01   0.0000000e+00
   7.3253125e+05   6.7955753e-01   0.0000000e+00
   7.3253138e+05   6.7607467e-01   0.0000000e+00
   7.3253150e+05   6.6483635e-01   0.0000000e+00
   7.3253162e+05   6.7990804e-01   0.0000000e+00
   7.3253175e+05   6.8737390e-01   0.0000000e+00
   7.3253188e+05   7.0040917e-01   0.0000000e+00
   7.3253200e+05   7.1225405e-01   0.0000000e+00
   7.3253212e+05   6.9880749e-01   0.0000000e+00
   7.3253225e+05   6.9502718e-01   0.0000000e+00
   7.3253238e+05   6.9321311e-01   0.0000000e+00
   7.3253250e+05   6.8692710e-01   0.0000000e+00
   7.3253262e+05   6.9933939e-01   0.0000000e+00
   7.3253275e+05   6.9991067e-01   0.0000000e+00
   7.3253288e+05   7.0533831e-01   0.0000000e+00
   7.3253300e+05   7.0857505e-01   0.0000000e+00
   7.3253312e+05   6.9157921e-01   0.0000000e+00
   7.3253325e+05   6.9171166e-01   0.0000000e+00
   7.3253338e+05   6.8992535e-01   0.0000000e+00
   7.3253350e+05   6.6081567e-01   0.0000000e+00
   7.3253362e+05   6.5879129e-01   0.0000000e+00
   7.3253375e+05   6.7261193e-01   0.0000000e+00
   7.3253388e+05   6.8086018e-01   0.0000000e+00
   7.3253400e+05   6.8858629e-01   0.0000000e+00
   7.3253412e+05   6.7440043e-01   0.0000000e+00
   7.3253425e+05   6.6958036e-01   0.0000000e+00
   7.3253438e+05   6.6056048e-01   0.0000000e+00
   7.3253450e+05   6.3322465e-01   0.0000000e+00
   7.3253462e+05   6.2992468e-01   0.0000000e+00
   7.3253475e+05   6.4383147e-01   0.0000000e+00
   7.3253488e+05   6.4173143e-01   0.0000000e+00
   7.3253500e+05   6.3526962e-01   0.0000000e+00
   7.3253512e+05   6.1702034e-01   0.0000000e+00
   7.3253525e+05   6.0063542e-01   0.0000000e+00
   7.3253538e+05   5.7541528e-01   0.0000000e+00
   7.3253550e+05   5.5172561e-01   0.0000000e+00
   7.3253562e+05   5.5621620e-01   0.0000000e+00
   7.3253575e+05   5.6514392e-01   0.0000000e+00
   7.3253588e+05   5.6412007e-01   0.0000000e+00
   7.3253600e+05   5.6229037e-01   0.0000000e+00
   7.3253612e+05   5.5180566e-01   0.0000000e+00
   7.3253625e+05   5.4320509e-01   0.0000000e+00
   7.3253638e+05   5.3349022e-01   0.0000000e+00
   7.3253650e+05   5.1500897e-01   0.0000000e+00
   7.3253662e+05   5.0986528e-01   0.0000000e+00
   7.3253675e+05   5.2882645e-01   0.0000000e+00
   7.3253688e+05   5.3883617e-01   0.0000000e+00
   7.3253700e+05   5.4457605e-01   0.0000000e+00
   7.3253712e+05   5.5295231e-01   0.0000000e+00
   7.3253725e+05   5.4981010e-01   0.0000000e+00
   7.3253738e+05   5.5052494e-01   0.0000000e+00
   7.3253750e+05   5.3782160e-01   0.0000000e+00
   7.3253762e+05   5.4411726e-01   0.0000000e+00
   7.3253775e+05   5.4699733e-01   0.0000000e+00
   7.3253788e+05   5.4965251e-01   0.0000000e+00
   7.3253800e+05   5.6125811e-01   0.0000000e+00
   7.3253812e+05   5.6010384e-01   0.0000000e+00
   7.3253825e+05   5.5675781e-01   0.0000000e+00
   7.3253838e+05   5.4885211e-01   0.0000000e+00
   7.3253850e+05   5.4105625e-01   0.0000000e+00
   7.3253862e+05   5.4843163e-01   0.0000000e+00
   7.3253875e+05   5.5705859e-01   0.0000000e+00
   7.3253888e+05   5.6411529e-01   0.0000000e+00
   7.3253900e+05   5.6419878e-01   0.0000000e+00
   7.3253912e+05   5.3866987e-01   0.0000000e+00
   7.3253925e+05   5.3082594e-01   0.0000000e+00
   7.3253938e+05   5.3549226e-01   0.0000000e+00
   7.3253950e+05   5.4880650e-01   0.0000000e+00
   7.3253962e+05   5.5239420e-01   0.0000000e+00
   7.3253975e+05   5.7176865e-01   0.0000000e+00
   7.3253988e+05   5.9885086e-01   0.0000000e+00
   7.3254000e+05   6.0300917e-01   0.0000000e+00
   7.3254012e+05   5.7992214e-01   0.0000000e+00
   7.3254025e+05   5.9772908e-01   0.0000000e+00
   7.3254038e+05   6.0643713e-01   0.0000000e+00
   7.3254050e+05   6.0764113e-01   0.0000000e+00
   7.3254062e+05   6.0330540e-01   0.0000000e+00
   7.3254075e+05   6.1531604e-01   0.0000000e+00
   7.3254088e+05   6.3157148e-01   0.0000000e+00
   7.3254100e+05   6.3730490e-01   0.0000000e+00
   7.3254112e+05   6.2507480e-01   0.0000000e+00
   7.3254125e+05   6.3011029e-01   0.0000000e+00
   7.3254138e+05   6.2686585e-01   0.0000000e+00
   7.3254150e+05   6.2206557e-01   0.0000000e+00
   7.3254162e+05   6.3748404e-01   0.0000000e+00
   7.3254175e+05   6.3931534e-01   0.0000000e+00
   7.3254188e+05   6.3970847e-01   0.0000000e+00
   7.3254200e+05   6.5664328e-01   0.0000000e+00
   7.3254212e+05   6.7488289e-01   0.0000000e+00
   7.3254225e+05   6.6781297e-01   0.0000000e+00
   7.3254238e+05   6.6191137e-01   0.0000000e+00
   7.3254250e+05   6.6137300e-01   0.0000000e+00
   7.3254262e+05   6.6489308e-01   0.0000000e+00
   7.3254275e+05   6.6786339e-01   0.0000000e+00
   7.3254288e+05   6.7290274e-01   0.0000000e+00
   7.3254300e+05   6.8139530e-01   0.0000000e+00
   7.3254312e+05   6.8913933e-01   0.0000000e+00
   7.3254325e+05   6.7601566e-01   0.0000000e+00
   7.3254338e+05   6.6855402e-01   0.0000000e+00
   7.3254350e+05   6.6694309e-01   0.0000000e+00
   7.3254362e+05   6.6307881e-01   0.0000000e+00
   7.3254375e+05   6.7331117e-01   0.0000000e+00
   7.3254388e+05   6.8874619e-01   0.0000000e+00
   7.3254400e+05   6.9003073e-01   0.0000000e+00
   7.3254412e+05   6.6677220e-01   0.0000000e+00
   7.3254425e+05   6.6003844e-01   0.0000000e+00
   7.3254438e+05   6.5753509e-01   0.0000000e+00
   7.3254450e+05   6.5896092e-01   0.0000000e+00
   7.3254462e+05   6.5288240e-01   0.0000000e+00
   7.3254475e+05   6.7189272e-01   0.0000000e+00
   7.3254488e+05   6.9061852e-01   0.0000000e+00
   7.3254500e+05   6.9159604e-01   0.0000000e+00
   7.3254512e+05   6.9248801e-01   0.0000000e+00
   7.3254525e+05   6.9452407e-01   0.0000000e+00
   7.3254538e+05   6.9416972e-01   0.0000000e+00
   7.3254550e+05   6.8989456e-01   0.0000000e+00
   7.3254562e+05   6.8558291e-01   0.0000000e+00
   7.3254575e+05   6.8665662e-01   0.0000000e+00
   7.3254588e+05   6.9234044e-01   0.0000000e+00
   7.3254600e+05   7.0157807e-01   0.0000000e+00
   7.3254612e+05   6.9799817e-01   0.0000000e+00
   7.3254625e+05   6.9754699e-01   0.0000000e+00
   7.3254638e+05   7.0123934e-01   0.0000000e+00
   7.3254650e+05   7.1825205e-01   0.0000000e+00
   7.3254662e+05   7.2343274e-01   0.0000000e+00
   7.3254675e+05   7.2232203e-01   0.0000000e+00
   7.3254688e+05   7.2815852e-01   0.0000000e+00
   7.3254700e+05   7.5869894e-01   0.0000000e+00
   7.3254712e+05   7.8774610e-01   0.0000000e+00
   7.3254725e+05   8.0661930e-01   0.0000000e+00
   7.3254738e+05   7.9295325e-01   0.0000000e+00
   7.3254750e+05   8.1327908e-01   0.0000000e+00
   7.3254762e+05   8.3217040e-01   0.0000000e+00
   7.3254775e+05   8.4479099e-01   0.0000000e+00
   7.3254788e+05   8.5125438e-01   1.8011289e-02
   7.3254800e+05   8.5882483e-01   3.2942685e-02
   7.3254812e+05   8.6697510e-01   4.4030022e-02
   7.3254825e+05   8.6691803e-01   4.3364903e-02
   7.3254838e+05   8.5939814e-01   2.0405765e-02
   7.3254850e+05   8.6053574e-01   1.9332831e-02
   7.3254862e+05   8.6922469e-01   1.8355981e-02
   7.3254875e+05   8.7364649e-01   1.9719795e-02
   7.3254888e+05   8.6996865e-01   3.0079123e-02
   7.3254900e+05   8.7599499e-01   3.3810378e-02
   7.3254912e+05   8.8135706e-01   2.7967477e-02
   7.3254925e+05   8.8070426e-01   2.6489513e-02
   7.3254938e+05   8.7481636e-01   2.2037622e-02
   7.3254950e+05   8.7080406e-01   1.0318077e-02
   7.3254962e+05   8.6685970e-01   1.4263354e-02
   7.3254975e+05   8.7029694e-01   1.3588149e-02
   7.3254988e+05   8.7298152e-01   2.5675036e-02
   7.3255000e+05   8.7771204e-01   2.7710121e-02
   7.3255012e+05   8.8041143e-01   2.2576200e-02
   7.3255025e+05   8.7918277e-01   2.6508230e-02
   7.3255038e+05   8.7201066e-01   2.1489606e-02
   7.3255050e+05   8.6573997e-01   1.5704163e-02
   7.3255062e+05   8.7040503e-01   9.5748811e-03
   7.3255075e+05   8.7308749e-01   1.5758298e-02
   7.3255088e+05   8.7250168e-01   2.2354067e-02
   7.3255100e+05   8.8150396e-01   3.5869170e-02
   7.3255112e+05   8.9152876e-01   4.9962198e-02
   7.3255125e+05   8.8521407e-01   5.2108284e-02
   7.3255138e+05   8.5906266e-01   3.0214194e-02
   7.3255150e+05   8.6974779e-01   5.0694196e-02
   7.3255162e+05   8.8251796e-01   5.5458724e-02
   7.3255175e+05   8.9214846e-01   5.3518155e-02
   7.3255188e+05   8.9849007e-01   5.0160571e-02
   7.3255200e+05   9.0471487e-01   5.3331299e-02
   7.3255212e+05   9.0378765e-01   5.8922462e-02
   7.3255225e+05   9.0431428e-01   5.8291632e-02
   7.3255238e+05   8.7828131e-01   3.7293952e-02
   7.3255250e+05   8.8876909e-01   6.9943684e-02
   7.3255262e+05   9.0025249e-01   6.8330253e-02
   7.3255275e+05   9.1006054e-01   6.6742278e-02
   7.3255288e+05   9.1797767e-01   6.4145146e-02
   7.3255300e+05   9.2337450e-01   6.3042753e-02
   7.3255312e+05   9.2556890e-01   6.3503974e-02
   7.3255325e+05   9.2665398e-01   6.3956728e-02
   7.3255338e+05   9.2343502e-01   6.7413087e-02
   7.3255350e+05   9.3389556e-01   6.3943839e-02
   7.3255362e+05   9.3749425e-01   6.2391133e-02
   7.3255375e+05   9.4325057e-01   6.0392223e-02
   7.3255388e+05   9.4489908e-01   5.6213181e-02
   7.3255400e+05   9.4551068e-01   5.6223389e-02
   7.3255412e+05   9.4456858e-01   5.7272481e-02
   7.3255425e+05   9.4505359e-01   5.7723135e-02
   7.3255438e+05   9.4517972e-01   5.4022770e-02
   7.3255450e+05   9.4602497e-01   5.3567656e-02
   7.3255462e+05   9.4669386e-01   5.3031242e-02
   7.3255475e+05   9.4700241e-01   5.2545677e-02
   7.3255488e+05   9.4640748e-01   5.1871879e-02
   7.3255500e+05   9.4634138e-01   5.2237878e-02
   7.3255512e+05   9.4654616e-01   5.3909389e-02
   7.3255525e+05   9.4624868e-01   5.4345596e-02
   7.3255538e+05   9.4573051e-01   5.3332929e-02
   7.3255550e+05   9.4593772e-01   5.2811287e-02
   7.3255562e+05   9.4668534e-01   5.2661380e-02
   7.3255575e+05   9.4634617e-01   5.2395347e-02
   7.3255588e+05   9.4358651e-01   4.9730579e-02
   7.3255600e+05   9.4368269e-01   5.0069062e-02
   7.3255612e+05   9.4611556e-01   5.2580582e-02
   7.3255625e+05   9.4562636e-01   5.2842155e-02
   7.3255638e+05   9.4516719e-01   5.2480897e-02
   7.3255650e+05   9.4511704e-01   5.2967553e-02
   7.3255662e+05   9.4560827e-01   5.3479677e-02
   7.3255675e+05   9.4370826e-01   5.2995819e-02
   7.3255688e+05   9.4114316e-01   5.1388704e-02
   7.3255700e+05   9.4255645e-01   5.2304119e-02
   7.3255712e+05   9.4315859e-01   5.1548287e-02
   7.3255725e+05   9.4294482e-01   5.1184818e-02
   7.3255738e+05   9.4164586e-01   5.0559650e-02
   7.3255750e+05   9.4148423e-01   5.0468798e-02
   7.3255762e+05   9.4150512e-01   5.0673755e-02
   7.3255775e+05   9.4102722e-01   5.0577227e-02
   7.3255788e+05   9.3946373e-01   5.0728311e-02
   7.3255800e+05   9.3903965e-01   5.0486010e-02
   7.3255812e+05   9.3973364e-01   4.9362120e-02
   7.3255825e+05   9.3909026e-01   4.9128287e-02
   7.3255838e+05   9.3677730e-01   4.7822454e-02
   7.3255850e+05   9.3633477e-01   4.7287000e-02
   7.3255862e+05   9.3727625e-01   4.7740173e-02
   7.3255875e+05   9.3660805e-01   4.7834652e-02
   7.3255888e+05   9.3443960e-01   4.7294368e-02
   7.3255900e+05   9.3512886e-01   4.8573435e-02
   7.3255912e+05   9.3588274e-01   4.9048105e-02
   7.3255925e+05   9.3498694e-01   4.9254536e-02
   7.3255938e+05   9.3272824e-01   4.8017045e-02
   7.3255950e+05   9.3248968e-01   4.7782133e-02
   7.3255962e+05   9.3414850e-01   4.9237621e-02
   7.3255975e+05   9.3412261e-01   4.9258883e-02
   7.3255988e+05   9.3305521e-01   4.9559134e-02
   7.3256000e+05   9.3313923e-01   5.0707062e-02
   7.3256012e+05   9.3251132e-01   5.0467307e-02
   7.3256025e+05   9.3280027e-01   5.0552766e-02
   7.3256038e+05   9.3167271e-01   4.8491941e-02
   7.3256050e+05   9.3167056e-01   4.8611180e-02
   7.3256062e+05   9.3153835e-01   4.8614512e-02
   7.3256075e+05   9.3196895e-01   4.8742250e-02
   7.3256088e+05   9.3251448e-01   4.8865015e-02
   7.3256100e+05   9.3182421e-01   4.8757774e-02
   7.3256112e+05   9.3071210e-01   4.8299052e-02
   7.3256125e+05   9.3098177e-01   4.7687622e-02
   7.3256138e+05   9.3137170e-01   4.5599113e-02
   7.3256150e+05   9.3111357e-01   4.5858695e-02
   7.3256162e+05   9.3178092e-01   4.6659012e-02
   7.3256175e+05   9.3234948e-01   4.7701438e-02
   7.3256188e+05   9.3165187e-01   4.6888682e-02
   7.3256200e+05   9.2994679e-01   4.6073851e-02
   7.3256212e+05   9.2959208e-01   4.6464230e-02
   7.3256225e+05   9.2953227e-01   4.6256948e-02
   7.3256238e+05   9.2797888e-01   4.2692441e-02
   7.3256250e+05   9.2655188e-01   4.0661117e-02
   7.3256262e+05   9.2656470e-01   3.9693289e-02
   7.3256275e+05   9.2576516e-01   3.9233786e-02
   7.3256288e+05   9.2348883e-01   3.7818321e-02
   7.3256300e+05   9.2090521e-01   3.6985678e-02
   7.3256312e+05   9.2335959e-01   4.1654985e-02
   7.3256325e+05   9.2382102e-01   4.1488535e-02
   7.3256338e+05   9.1646862e-01   2.9179709e-02
   7.3256350e+05   9.1633014e-01   2.8535411e-02
   7.3256362e+05   9.1719596e-01   2.9476995e-02
   7.3256375e+05   9.1539550e-01   2.7225132e-02
   7.3256388e+05   9.1110734e-01   1.8477944e-02
   7.3256400e+05   9.1112309e-01   2.2862521e-02
   7.3256412e+05   9.1331635e-01   2.9287860e-02
   7.3256425e+05   9.1291176e-01   2.8145234e-02
   7.3256438e+05   9.1888252e-01   0.0000000e+00
   7.3256450e+05   9.2122988e-01   0.0000000e+00
   7.3256462e+05   9.3177006e-01   0.0000000e+00
   7.3256475e+05   9.3367461e-01   0.0000000e+00
   7.3256488e+05   9.3371212e-01   0.0000000e+00
   7.3256500e+05   9.3159769e-01   0.0000000e+00
   7.3256512e+05   9.3400235e-01   0.0000000e+00
   7.3256525e+05   9.3362416e-01   0.0000000e+00
   7.3256538e+05   9.3291591e-01   0.0000000e+00
   7.3256550e+05   9.3579354e-01   0.0000000e+00
   7.3256562e+05   9.4485102e-01   0.0000000e+00
   7.3256575e+05   9.4528488e-01   0.0000000e+00
   7.3256588e+05   9.4276041e-01   0.0000000e+00
   7.3256600e+05   9.4280301e-01   0.0000000e+00
   7.3256612e+05   9.4683573e-01   0.0000000e+00
   7.3256625e+05   9.4434197e-01   0.0000000e+00
   7.3256638e+05   9.4038618e-01   0.0000000e+00
   7.3256650e+05   9.4093486e-01   0.0000000e+00
   7.3256662e+05   9.5055680e-01   0.0000000e+00
   7.3256675e+05   9.4974694e-01   0.0000000e+00
   7.3256688e+05   9.4393870e-01   0.0000000e+00
   7.3256700e+05   9.4643675e-01   0.0000000e+00
   7.3256712e+05   9.5085291e-01   0.0000000e+00
   7.3256725e+05   9.4804591e-01   0.0000000e+00
   7.3256738e+05   9.3404871e-01   0.0000000e+00
   7.3256750e+05   9.2715938e-01   0.0000000e+00
   7.3256762e+05   9.4235814e-01   0.0000000e+00
   7.3256775e+05   9.3406717e-01   0.0000000e+00
   7.3256788e+05   9.2034687e-01   2.1043630e-02
   7.3256800e+05   9.2132352e-01   2.1470716e-02
   7.3256812e+05   9.1979645e-01   1.1398363e-02
   7.3256825e+05   9.2089019e-01   1.4092971e-02
   7.3256838e+05   9.1738817e-01   1.6310020e-02
   7.3256850e+05   9.1660996e-01   1.3933325e-02
   7.3256862e+05   9.3900764e-01   0.0000000e+00
   7.3256875e+05   9.3976736e-01   0.0000000e+00
   7.3256888e+05   9.3550880e-01   0.0000000e+00
   7.3256900e+05   9.4271078e-01   0.0000000e+00
   7.3256912e+05   9.5027690e-01   0.0000000e+00
   7.3256925e+05   9.5343232e-01   0.0000000e+00
   7.3256938e+05   9.5179684e-01   0.0000000e+00
   7.3256950e+05   9.5656034e-01   0.0000000e+00
   7.3256962e+05   9.6141013e-01   0.0000000e+00
   7.3256975e+05   9.6308363e-01   0.0000000e+00
   7.3256988e+05   9.6286826e-01   0.0000000e+00
   7.3257000e+05   9.6415429e-01   0.0000000e+00
   7.3257012e+05   9.6472085e-01   0.0000000e+00
   7.3257025e+05   9.6564754e-01   0.0000000e+00
   7.3257038e+05   9.6483664e-01   0.0000000e+00
   7.3257050e+05   9.6179910e-01   0.0000000e+00
   7.3257062e+05   9.5723254e-01   0.0000000e+00
   7.3257075e+05   9.5643917e-01   0.0000000e+00
   7.3257088e+05   9.5553819e-01   0.0000000e+00
