   0.0000000e+00   0.0000000e+00
  -1.0199095e-03   3.9168070e-03
   4.0257459e-04   5.2766992e-03
  -3.3193511e-03  -3.3368113e-03
   1.6559477e-03   3.4038316e-03
   4.0753895e-03  -4.8363847e-03
   4.7565419e-03   5.5710670e-03
  -9.0913567e-03   8.9248222e-06
   5.5147161e-04   6.2145202e-03
  -1.0254683e-03   1.7084588e-03
   4.2234409e-03  -6.4359902e-04
   2.9103304e-03   7.2919063e-05
  -2.4971556e-03  -7.3185899e-03
  -2.4276596e-04  -3.9439040e-03
   2.3355717e-06   7.9962739e-04
   9.5742618e-03   1.2804831e-03
  -2.1881626e-03   3.2177717e-03
  -3.4782012e-04  -3.6278854e-03
  -2.4671640e-03   8.7060591e-03
  -1.8557008e-03  -1.2134672e-03
  -2.7015515e-03   3.0249827e-03
   1.8599507e-03   4.4856782e-08
   5.1538882e-03  -6.8240733e-03
   2.6325965e-03   8.3505046e-04
  -3.1571182e-03   2.8284455e-04
  -5.2710694e-03   2.6792097e-03
   1.1985497e-03   8.5436380e-03
  -2.6430298e-03  -3.7309082e-03
  -1.1084636e-03   8.8293032e-04
   4.9372611e-03  -4.6719124e-03
  -5.6409670e-03   3.0736616e-05
  -2.2305446e-03   6.5711587e-03
   1.9102439e-04   2.7289869e-04
  -3.1691442e-03   3.0459675e-03
   6.6764008e-04  -3.9369801e-03
   2.5451589e-03  -2.4124216e-03
  -4.8293519e-04   5.6335808e-03
   3.4239384e-03   9.7915684e-04
  -5.4706857e-03  -2.0205711e-03
   1.1169194e-05  -3.1551833e-03
   1.7612306e-03   4.1909470e-04
  -9.7348702e-04   5.0177510e-03
  -5.3253653e-03   6.8922872e-03
   7.1877207e-03  -7.7121319e-03
  -2.1658138e-03   1.6251039e-03
   6.8347210e-03   7.2033622e-05
  -1.0453201e-02   3.4846122e-03
  -4.3777399e-03  -6.2134637e-03
  -3.9797885e-03   8.2578819e-03
  -5.0895893e-03   5.2570990e-03
  -1.6718209e-03   7.6690505e-04
  -1.3068340e-03   7.3030457e-03
  -7.3766755e-03   1.9984506e-03
   2.2036108e-03   2.1315172e-03
   3.7684724e-03  -6.4907924e-03
  -4.2341472e-03   1.0705402e-03
   5.3596611e-04  -1.8546066e-03
  -3.8574220e-03  -7.0154987e-03
  -2.7426656e-03  -5.3804498e-04
   1.3345212e-03   1.8944475e-03
   6.6585643e-04   1.3959504e-03
  -6.0766914e-04   5.6840008e-03
   1.4714444e-03  -9.2630966e-04
  -7.0378464e-03  -2.3140092e-03
   1.2800973e-04   5.1536951e-03
   1.4317799e-03   1.9986061e-03
   1.2432355e-03  -3.7568015e-03
   4.5191701e-03   2.5508622e-03
  -6.0936875e-03   2.5962361e-03
  -1.6077035e-03  -5.8725706e-03
  -8.0151008e-03  -1.3259641e-03
   1.2455282e-03   4.9863357e-03
  -3.2586306e-03   8.2448671e-03
   9.2352354e-04  -3.8371291e-03
  -3.0850864e-03  -1.5510706e-03
  -5.4443640e-03  -2.6954282e-03
  -1.9697554e-03  -5.1163651e-03
  -4.3897499e-03  -1.0435352e-02
   1.7305238e-03  -3.1393060e-03
  -5.2460972e-03   4.2850038e-03
  -4.0183178e-03   4.0173408e-03
   1.5199261e-03   4.8737551e-03
  -2.5650308e-03   3.8503324e-03
   1.8850243e-03   3.6032282e-03
   3.3882147e-03   2.7600831e-04
   2.6217573e-03  -1.8570431e-03
   1.4016563e-03  -1.2176587e-03
   1.6317659e-03  -2.9275085e-03
   4.1915649e-03   1.0745730e-03
  -5.2227120e-03   9.5785831e-05
  -1.5361891e-03   1.0603537e-04
  -3.4151083e-03   3.2079994e-03
  -3.7330796e-03  -4.8335728e-03
   2.5189014e-03  -1.8146736e-03
   6.5795782e-04   3.7051166e-03
  -8.2882397e-03  -2.0776448e-03
  -9.7865251e-04   8.8659964e-03
   1.3114524e-03  -3.7362804e-03
  -3.8076448e-03  -7.6573080e-04
   1.3641637e-03   5.7091550e-03
  -2.2895393e-03  -2.4020202e-03
  -3.0190064e-03   1.3533633e-03
   6.3273139e-03  -2.1876510e-03
  -3.5400530e-03   3.1146479e-03
  -6.8889211e-03  -2.3079219e-03
   1.3795796e-03   4.3173362e-03
   1.4341171e-03  -2.3244114e-03
  -5.7465968e-03  -6.0825529e-03
  -9.5330227e-03   4.7218234e-03
   9.1647852e-03   6.9933496e-04
  -4.8852997e-03  -3.3815034e-03
   3.0469100e-03   6.1965308e-04
  -2.8329798e-04   1.9678506e-03
  -1.0938965e-03   1.0742271e-03
  -8.5471577e-04   1.6047499e-03
   1.0355962e-03   1.0325879e-02
  -1.4951975e-03   2.1514946e-03
   2.1389094e-03   1.1031633e-03
   2.2250033e-04  -8.7548288e-04
  -2.5185256e-03   2.2015352e-03
   3.7292765e-04   3.2816805e-03
   1.1840336e-03   2.2190469e-03
  -1.2951191e-03  -2.4859831e-03
  -2.7634348e-03   2.1483486e-04
   5.4297392e-03  -1.9821611e-03
   5.8379141e-03   5.7912823e-03
  -3.8417045e-03   3.5216809e-04
  -3.8728638e-03   4.1575714e-03
   7.8628134e-03  -2.7800174e-03
   5.0276701e-03  -6.6808660e-03
  -8.4914734e-04   4.9840977e-03
   4.1877473e-03  -3.8157560e-03
  -1.1912653e-03  -2.4249789e-03
   5.1233913e-03   3.7833757e-03
   1.8909667e-03  -1.1191945e-03
  -3.9042121e-03   9.2817567e-03
   2.7229021e-03  -4.4874113e-03
   5.4169221e-03  -1.4853334e-03
   1.2593418e-02   1.9047340e-03
   4.4528960e-03   1.8171366e-03
   1.1957457e-03  -4.5258496e-03
  -2.0519870e-03   5.5613079e-03
   6.2029789e-03  -7.4914924e-03
  -3.1085162e-03  -1.1311790e-04
   6.1236150e-04   4.4166080e-03
   8.3093529e-04   9.7680415e-04
  -1.2610573e-03  -8.6516065e-04
  -3.3659647e-03   2.8968901e-03
  -3.2201740e-03   3.1385746e-03
   7.4376891e-03   1.6571052e-03
   2.0030347e-03  -2.4372263e-03
  -9.2330120e-03  -1.3956440e-03
   1.5554118e-03  -1.8605148e-03
   1.5084207e-03   4.0751864e-03
   6.8289380e-03  -2.7306303e-03
   2.3711220e-03  -5.1668070e-03
   2.0321970e-03   4.1959424e-03
  -1.6594842e-03   7.8805857e-03
   3.1361981e-03  -1.0842192e-02
   1.7656903e-03   5.0625655e-03
   1.3922126e-03   1.8979356e-03
  -3.0662141e-03   3.9374900e-03
   8.5885073e-05  -1.4747723e-03
  -7.9101896e-03  -6.2270775e-03
   2.8053773e-03   3.2369260e-03
   4.0609374e-04  -1.4523651e-03
   6.4129670e-03   1.0355871e-03
  -1.1301607e-03  -3.4652348e-03
   2.6650490e-03   1.7778569e-03
   2.2653183e-03  -4.4465026e-03
   6.8049292e-03   9.5165337e-03
   2.0459890e-03   8.4867260e-04
   1.6695268e-03   4.5887267e-03
  -7.4319987e-03   5.2804175e-03
   6.3502510e-03   1.4759280e-03
   2.4807724e-03   7.7435948e-04
   6.0224053e-03  -1.7708310e-03
   4.2887061e-03   3.2717210e-03
  -2.8346329e-03  -1.2712584e-03
  -1.5605321e-03   7.1960098e-03
   1.8739904e-03   6.2827807e-05
   2.2351476e-03   6.0674593e-03
   4.4142576e-04  -4.6401983e-03
   2.0125227e-03   4.1294368e-03
   2.9597891e-03  -7.1922550e-04
  -1.4148288e-04   3.1185336e-03
   8.9975128e-03   1.3128499e-03
   3.2511855e-03  -8.0464379e-03
  -5.5482746e-03  -3.4406963e-03
   5.1609901e-04   4.1410933e-03
  -2.4776130e-03  -8.2239937e-04
   4.6722877e-03  -7.7133596e-03
   6.6455765e-03  -5.8304545e-03
   1.0807994e-02   3.3501557e-03
  -2.1637288e-03  -3.5308659e-03
  -2.0794334e-03  -1.9142293e-03
   4.0380036e-03   5.9895072e-03
   3.0002841e-03  -1.0540690e-03
   4.4138468e-04  -4.1038442e-03
   1.3317098e-03   3.7642341e-04
  -2.3915379e-03   6.7291221e-03
   1.3193622e-03   2.3141463e-03
  -8.5896916e-04   2.6009817e-03
   6.8622875e-03  -8.4379757e-07
  -1.0163215e-03   2.8492136e-03
  -1.0464339e-04  -1.4650894e-04
   4.6109367e-03   3.0437231e-03
   3.6916981e-04  -2.4585739e-03
  -8.3109408e-03   7.2963565e-03
   4.9344338e-03   2.5119064e-03
   2.6969400e-03  -2.7269670e-04
  -5.6840305e-03   9.3356372e-04
   5.4164313e-03  -4.7258842e-03
  -3.2814033e-03   5.7770240e-03
  -1.6744694e-03  -4.8007078e-03
  -7.7293871e-04   3.9240271e-03
   5.3573199e-03  -2.1472462e-03
   8.5748598e-03  -9.3431735e-04
   5.2757074e-03  -1.2317954e-03
   2.4127616e-03  -1.6778017e-03
   2.7566325e-03  -4.9114678e-03
   6.1678836e-04   6.5656930e-03
  -8.6221015e-03  -1.6176449e-03
  -2.6952290e-04   1.9448864e-03
   3.7969042e-03  -3.1935754e-03
  -1.1907932e-03   2.2263063e-03
  -2.3260173e-04   4.3488259e-03
   4.4759206e-03   2.5444172e-04
  -4.0574014e-03   2.3244550e-03
   6.9059797e-03   2.9323113e-03
   4.9651900e-04  -3.8667473e-04
   5.1255908e-03  -4.4464166e-03
   6.2162876e-03  -1.0695371e-02
  -6.5058223e-04   3.3717609e-03
   3.8475806e-03   1.2439240e-03
   5.5113291e-03   6.3100071e-03
  -4.2555214e-03   6.2058740e-03
   1.5140638e-03  -1.6462379e-03
   3.5615545e-04  -3.3248388e-03
  -8.0208059e-03   4.7288772e-03
   3.3413250e-03   6.3925058e-03
  -6.4957860e-03   1.6044605e-03
  -7.3456104e-03  -1.5543526e-03
   4.1600902e-03  -3.6917098e-04
   4.6965156e-04  -5.5316170e-03
  -6.0534903e-03   7.1923624e-03
  -5.6063381e-03   4.2717565e-03
   1.2183979e-03   2.6757318e-03
   5.6133375e-04   2.3822614e-04
  -9.3495866e-04   3.2990097e-03
   2.9579131e-03  -2.5404720e-03
   2.2988489e-03  -3.7600499e-03
   4.8382927e-03   1.5923386e-03
   2.1660926e-03   9.8933936e-03
   8.1439893e-04  -1.7708600e-03
   1.0219612e-03  -6.4374845e-03
  -3.2083259e-03  -4.4901174e-04
  -3.9056907e-03  -5.9594120e-03
  -1.2970449e-04   1.4441135e-03
   1.5757217e-03  -2.4275297e-03
   4.9260116e-03   3.8200036e-03
   4.3608852e-03  -1.1044390e-03
   5.1891861e-04  -5.4270999e-03
  -3.2685682e-03   4.0785765e-03
  -4.4933219e-03  -5.4178663e-03
   7.8048807e-05  -3.8397047e-03
  -8.5777126e-04  -5.3157550e-03
  -2.3281052e-04   3.5773601e-03
   5.1842234e-04   8.3940943e-03
   2.9471844e-03   5.0675576e-03
   1.3734394e-03   3.5128091e-03
  -2.0199613e-03   2.7874301e-03
  -7.8535660e-03  -3.9529602e-03
   4.1434471e-03   2.3030482e-04
  -2.4530719e-05   7.0775906e-04
  -7.2429502e-03   1.9733805e-03
   1.3088831e-02  -5.0757786e-03
   4.4032997e-03  -4.6628910e-04
  -6.8355521e-03   4.3178610e-03
  -2.5566332e-03   3.5182144e-03
   5.1183665e-03  -4.5493676e-04
   3.1699784e-03  -5.4043369e-03
   3.0940452e-03   1.0934228e-02
  -3.3048791e-04  -9.3804114e-03
   2.3619229e-03   3.6823799e-03
   3.2954830e-04  -4.5689529e-03
  -1.3480076e-03  -1.3429501e-03
  -7.0663417e-03  -2.3736578e-03
  -3.2645792e-03   6.0772676e-03
  -2.1686273e-03  -2.6982341e-03
  -8.7104784e-03  -4.9460850e-04
   2.3319039e-03  -6.2339462e-04
  -2.2838703e-04   2.3320294e-03
  -1.4859018e-03  -4.2938905e-04
   1.5908737e-03  -3.9483719e-03
  -7.1455490e-04   7.0022107e-03
   1.0740321e-04   6.2965991e-03
  -2.0921576e-03  -1.2862515e-03
   1.1225636e-03  -1.8863194e-03
  -5.0200525e-03  -2.2763420e-03
  -3.4006760e-04   9.9549165e-03
   5.6092559e-04  -5.1372295e-03
   1.4176383e-03  -3.5425485e-03
   1.0705694e-02   9.0142386e-04
   9.8108263e-03   2.3053916e-03
   4.3441145e-03   4.2545113e-03
  -2.0001824e-03  -3.4080150e-03
   8.2708924e-04  -4.6681872e-03
   5.6852772e-03  -1.4073476e-03
  -3.0307649e-03   3.2975598e-04
  -5.5881025e-03   5.2427446e-03
  -2.4142032e-04   6.4705622e-03
  -6.9766704e-03   6.1098523e-03
   6.4269325e-03   2.3918904e-03
  -5.1741289e-04   3.7752033e-03
   4.6884589e-03  -1.7048814e-03
  -5.1623267e-03  -2.1726500e-03
  -4.6430154e-03   2.1905210e-03
   5.8213543e-03  -2.4054078e-03
   4.5447828e-03  -2.0807968e-03
  -3.1594411e-03  -1.0537874e-02
   1.6571195e-03  -1.5579695e-03
  -1.8738963e-03  -3.6637178e-03
   4.1320825e-03  -1.6342459e-03
  -6.0765114e-03   8.6808199e-03
  -9.4137266e-04  -2.3657096e-04
  -3.3769061e-03  -2.1332208e-03
  -1.6723257e-03   1.5822395e-04
   2.6877942e-03   3.2236282e-03
   8.0507391e-03  -8.6101104e-04
   4.1112048e-03  -7.2329829e-03
  -1.5505752e-03  -3.8547205e-04
  -3.1972153e-03   6.1994624e-03
  -6.3439015e-04   5.1520550e-04
  -4.8968555e-04  -5.2677092e-03
  -6.4313497e-03   7.8135686e-03
  -1.5126469e-04   1.8437241e-03
  -3.8009492e-03   4.2649381e-03
   5.1789680e-03   2.6813073e-03
  -9.8766657e-03   1.7179187e-03
  -1.3585014e-03  -4.9605280e-03
   1.3267561e-03   3.5024794e-04
  -3.4232849e-04  -2.3216616e-03
   2.6226101e-03   7.2948172e-03
   1.9366438e-03  -6.7313141e-04
   4.1817626e-03  -3.4665247e-03
   4.0511711e-03  -8.8356992e-04
  -2.5423539e-05   3.0623839e-03
   2.0280437e-03   9.8984551e-03
   5.0134578e-03   7.2237915e-03
   6.0842162e-03   4.4163649e-04
  -5.1342288e-03   4.4880766e-03
  -6.2292008e-03   9.4032603e-04
   3.7909242e-03   9.4612782e-03
   2.4295556e-03  -2.0280071e-03
   3.6653126e-03   1.3688318e-03
  -5.1606719e-03   1.5004905e-03
  -9.9185726e-04  -1.0159457e-02
   3.7975973e-03  -6.8916544e-03
   6.7165281e-03   2.0096746e-03
   9.8357743e-04   3.4657538e-03
  -2.5702592e-03  -8.1353767e-04
  -3.1505633e-03   5.3171930e-04
  -5.1546001e-03  -9.4416255e-03
  -8.4957175e-03   7.8904762e-03
  -7.2306126e-04  -9.5246219e-04
   3.9186793e-03  -2.0337332e-03
   6.9164212e-04  -3.5930073e-03
  -4.8185119e-03  -7.1279561e-04
   1.3628786e-03   3.8000737e-03
   3.0140862e-03  -4.8191903e-03
   1.8706318e-03   6.1556151e-03
  -2.8503077e-04  -6.8406195e-04
  -1.4586856e-03   1.8924183e-04
   1.0173316e-02   4.1784877e-03
   3.9354054e-03   3.8115456e-03
  -1.9472560e-03  -3.4403607e-04
  -5.9700889e-03  -9.9920807e-03
  -2.6334716e-04   2.9114804e-03
   6.1012015e-04  -9.1779323e-03
  -1.2382489e-03   6.1490798e-03
  -7.5510392e-03   1.4001125e-02
  -2.7664516e-04  -8.1632530e-03
  -3.2095911e-03   4.5145725e-03
  -3.5376632e-03   2.1466878e-03
  -6.5704923e-03  -5.0023008e-03
   3.2775834e-04   9.9904189e-04
  -5.1730248e-03   5.1194797e-03
  -2.8802406e-05   7.1211753e-03
  -2.7062412e-04   4.0306594e-03
  -2.7388923e-03  -3.6231331e-03
  -5.9661155e-03  -3.0628355e-03
   2.2390746e-03  -1.1025717e-03
   5.1055782e-03  -7.1912420e-03
  -2.5157305e-03   7.6333906e-03
   2.4460407e-03  -2.9474280e-03
  -1.5956642e-03  -1.8010626e-03
  -3.6455543e-03   6.6765319e-03
   5.0007264e-03   3.6984622e-03
   1.0785490e-02   5.8228322e-03
   5.5198119e-03  -1.0182188e-02
   2.1686512e-03   1.7109453e-03
  -5.1203254e-03  -8.2541529e-03
  -1.7100400e-03  -8.6505518e-03
  -1.1709748e-03   4.5382808e-03
   5.7220531e-03  -3.2952430e-04
   6.3221400e-03  -1.2300030e-03
  -3.6371292e-03  -1.0997185e-02
  -1.0272939e-02  -2.3813390e-03
   4.4068318e-03   1.5858203e-04
  -3.0679388e-03  -5.0929073e-03
   2.7625129e-03   1.3892214e-03
   3.7137305e-03   4.0916791e-03
   9.8785442e-04   4.8169817e-03
  -4.1621188e-03  -3.3084667e-03
   1.0174659e-02  -6.8673965e-03
  -1.2033681e-03  -1.9332978e-03
   1.8443724e-03   6.5721567e-03
   7.5330728e-03   8.5395564e-03
   2.7672194e-05   1.1571325e-02
  -9.5515831e-04  -9.4039440e-04
  -5.2639709e-03  -3.2867609e-03
  -7.6226126e-03  -6.8108126e-03
  -9.1501286e-03  -6.7433123e-03
  -3.1479929e-03  -3.0529366e-03
   2.7175942e-03   2.9450211e-04
  -9.0745575e-03  -3.9233426e-03
   5.6540154e-03  -3.9799239e-04
   3.6822291e-03   8.3504513e-03
  -3.5974369e-03  -1.0441882e-03
  -1.4065418e-03  -1.1373072e-02
  -1.4542184e-03  -5.0490061e-03
   1.6532760e-04  -8.8775334e-03
   1.8973999e-03   6.5349695e-04
   3.7796613e-03  -1.8940163e-03
   1.9841034e-03  -4.3458772e-03
   1.3683415e-03   5.5811664e-03
  -2.9720856e-03   4.4044994e-04
  -6.9728284e-03   7.4813207e-03
   5.4224903e-03   3.5499224e-03
   6.4019289e-03  -4.5007740e-03
  -7.0474423e-03  -2.9381027e-03
  -1.2855229e-02   4.0359534e-03
  -2.5790277e-03  -5.6634536e-04
   1.8148662e-03  -5.4794314e-03
   1.0106883e-02  -5.0078421e-03
   3.6566060e-03   3.2356567e-03
   5.9427039e-03  -1.8768901e-03
   6.7182020e-03  -2.1793677e-03
   7.8944050e-03   1.7986153e-03
  -1.2756016e-03  -5.0832929e-03
  -4.4371964e-04   2.3381959e-03
   1.7185020e-03  -1.1278109e-02
  -2.7962278e-05  -2.1989093e-03
  -2.1287260e-03   5.2742738e-03
   2.0367534e-03  -6.5868398e-03
  -8.1892318e-03   2.0946478e-03
  -1.8034892e-03  -3.5409533e-03
   4.3040458e-03   8.4961157e-03
  -9.7406935e-03   1.2480829e-02
  -5.8780026e-03   1.1121136e-02
   5.8585296e-03   8.6765502e-03
  -6.0295619e-04   5.5082783e-03
  -3.7072737e-03   4.3079936e-03
  -5.8859985e-03   2.9838831e-03
  -6.6394399e-03  -8.8191408e-04
   7.8212538e-04  -3.0939052e-03
  -1.1295994e-03   5.8728663e-03
   4.6627530e-03   5.6662484e-03
  -2.7678617e-03   5.4137300e-04
   6.4233738e-03  -3.5960506e-03
   1.0880560e-03  -5.0140043e-03
   8.7314495e-03   7.4371174e-03
   8.1239582e-03   3.6354890e-03
   8.3776089e-03  -6.7747377e-03
   1.9629061e-03   2.7386125e-03
   3.5683704e-03   6.8137349e-03
   1.1781015e-02  -5.0869560e-03
  -7.8697508e-03   2.5651446e-03
  -2.6247224e-03   4.1221365e-03
  -5.1198451e-03   1.9090796e-03
   3.2685908e-03   2.7208134e-03
  -5.0258814e-03  -1.0559017e-02
   1.9865780e-03  -9.4851100e-03
  -5.9727349e-03  -5.1150965e-03
  -3.8583190e-03  -5.5147360e-03
   5.9808351e-03  -2.3688563e-03
  -7.7729635e-03  -3.9014068e-03
   1.0173163e-02   3.6177736e-03
   5.6599143e-03  -8.1603512e-04
   2.5870629e-03  -8.5785251e-04
  -7.8136486e-03   2.8730476e-03
   1.1304317e-03  -3.5423346e-03
  -1.0588154e-02  -2.7411209e-03
  -6.9897865e-03  -1.2548561e-03
  -4.7462309e-03   3.8397817e-03
   6.0340777e-03   3.9941443e-03
  -6.1217846e-03  -9.9850754e-03
  -2.1746309e-04  -1.1046338e-03
   7.4564454e-03   7.2373356e-03
   4.1310103e-03   6.2685024e-03
   3.0567008e-03  -1.1921142e-03
  -3.9576814e-03  -1.7749204e-03
  -4.0013572e-03  -5.5151725e-04
  -8.1495301e-03   1.4426957e-03
  -2.2769960e-03  -2.9944595e-03
  -5.2672260e-03  -3.7599587e-03
   7.9346618e-04   4.8803278e-03
   5.4890065e-03  -4.4656424e-03
  -5.0037733e-03  -3.4257054e-03
   3.4652314e-03  -1.4371149e-03
   5.4501634e-03   5.0251184e-04
  -5.7465704e-03  -4.0009770e-03
   6.4524385e-03  -3.6180323e-03
   4.7382652e-03  -1.0313213e-02
   9.0920480e-03   1.5491804e-03
   1.0761525e-02  -4.9574145e-03
   9.4782981e-03   3.4086355e-03
  -1.2186415e-04   3.6974811e-03
  -1.0487199e-02   8.3984980e-03
  -5.9356852e-03  -8.7073630e-04
  -8.0389462e-03   7.7576485e-04
  -8.6122069e-03   3.7504871e-03
  -1.3638642e-02   1.1482214e-02
  -7.9424816e-03  -6.8272629e-04
   4.6316128e-03  -4.9141188e-03
   6.1557520e-03   2.5927623e-03
  -3.4052043e-04   8.9673028e-03
  -9.8146145e-03  -1.9811989e-04
  -1.8186451e-03  -1.0112122e-02
   5.8758120e-03  -7.8778564e-03
  -2.0314649e-03  -7.0575592e-03
  -7.1950812e-03  -1.1806961e-02
  -1.8734535e-03  -6.8478115e-03
   6.3333039e-03   7.4978938e-03
  -3.3139446e-04   6.4272291e-03
  -7.6289404e-03   1.1960760e-04
  -8.6566704e-03   4.2327205e-03
  -3.4828360e-03  -3.9279899e-03
   9.5628535e-04  -4.9306686e-03
   4.3738556e-04   2.6239530e-03
   4.6142438e-03   7.2452272e-03
   4.6096270e-03  -2.4507343e-03
   9.8096035e-03   4.7820335e-03
  -6.9679841e-04  -1.8087327e-03
  -5.0316792e-03  -5.7352280e-03
  -1.7308475e-03  -4.1848898e-03
   2.5403967e-03  -6.0027847e-03
  -4.3388550e-03  -5.1724996e-04
  -3.6938901e-04   2.9253663e-03
   1.3641978e-03   8.5016474e-03
  -1.0131990e-02   1.1454524e-02
  -4.3442630e-03   1.6037570e-03
  -4.7486496e-03  -2.2730346e-03
   4.9782733e-03   1.0995049e-03
   8.0029898e-04  -3.6779931e-03
   3.4173446e-03  -1.0497211e-02
   7.6545936e-03   7.1032354e-03
   3.6723696e-03  -6.5262346e-04
   3.0020268e-03  -5.7662181e-04
   7.1880348e-03  -2.5913523e-03
   5.9894211e-03   4.0971004e-03
  -8.4470623e-03  -8.0577827e-03
  -8.7157861e-03   2.6907079e-03
   2.1506104e-03  -9.5312413e-04
   1.4127251e-02  -8.3065075e-04
   3.2807059e-04  -2.3901127e-03
   5.1122795e-03  -9.1673759e-03
  -7.5775602e-03  -6.4584980e-04
  -2.0352107e-03   7.6216958e-03
  -1.7074300e-03   8.8079219e-04
   9.5971326e-03  -5.4941839e-03
  -8.9103911e-04   4.8675996e-03
   1.4823828e-02   9.7899636e-03
  -5.7114198e-03  -7.5719556e-04
   9.7350571e-04  -1.3610205e-02
   3.6788823e-03  -2.7687714e-03
   8.8869063e-03   1.1411520e-03
   4.6631946e-03  -5.7485653e-03
   1.0392612e-02   1.0631468e-02
   6.6356363e-03   5.8656349e-03
   8.8091602e-03  -4.7784467e-03
   5.2874969e-03   1.1306397e-03
   4.8083981e-03   1.2573362e-02
   1.4069261e-03   4.5409336e-03
  -4.4342394e-03  -4.7407560e-03
  -9.1315675e-03  -1.4064753e-03
  -6.4469807e-03   8.2966753e-03
   3.5756558e-06   5.0262061e-04
  -2.0634338e-03   2.0806358e-04
   2.5607725e-03  -3.8127858e-03
   1.1508590e-03   2.2665252e-05
   6.3368763e-04  -9.3234794e-03
  -6.9984011e-03  -1.2710598e-02
  -6.0510348e-03  -3.0117444e-03
   8.1126547e-03  -2.8229370e-03
   1.0544732e-02  -5.5239498e-03
   1.3915836e-02   2.9274488e-03
  -8.1306957e-03   3.8386641e-03
  -1.2504037e-02   1.2217249e-02
  -1.1941327e-02   2.4201963e-03
  -9.6389840e-03  -5.4525745e-03
  -1.2899517e-02  -1.0432115e-03
   6.8029607e-03   3.2750584e-03
   1.3331786e-03   8.5072002e-03
  -3.2317188e-04   2.3951371e-03
  -1.0034296e-02  -4.6606272e-03
  -2.0314446e-03  -2.0101474e-03
   4.4934732e-03  -3.9973221e-03
   1.4313303e-02  -6.1757272e-03
   8.2060353e-03  -1.2660032e-02
  -2.0177149e-03   7.5941660e-03
   8.2226278e-03   9.9737124e-03
   4.1391840e-04  -2.1366581e-03
  -1.6847943e-02  -7.3712953e-03
  -9.1303766e-03   4.5061815e-04
  -6.3649017e-03  -4.9658467e-03
   3.5568527e-03   3.8130961e-03
  -4.3938688e-03  -2.2212262e-04
   6.2285105e-03   6.2835007e-03
   3.4148424e-03   6.1033570e-03
   4.3116512e-03   1.9008296e-03
  -1.0890669e-02  -6.7501215e-03
  -6.1700176e-03  -8.7053239e-03
  -6.0367622e-03  -1.4669650e-03
  -9.7876968e-03   6.5145412e-03
  -8.6484343e-03   4.0997071e-03
  -4.9309072e-03  -4.9099658e-03
  -1.9592204e-03   7.7123432e-03
   8.5663976e-03  -5.2265415e-03
  -1.1869582e-03   4.2287047e-03
  -7.6545725e-03   1.5640329e-03
  -4.9480060e-04   7.2261002e-03
   8.9959223e-03   1.1863679e-02
   1.0779215e-02   3.0780837e-03
   4.9954381e-03   9.1096246e-03
   1.1994180e-02   1.9421913e-03
   1.2069948e-02  -1.1476501e-02
   6.4823480e-03  -1.2534712e-02
  -1.5205539e-04  -5.7151652e-03
   4.8143950e-03   3.2519602e-03
   9.8941889e-03   5.3232388e-04
   2.8345680e-03  -9.3252858e-04
   1.9412138e-03   1.3219342e-03
  -7.7845216e-03  -1.3322650e-02
   1.0156608e-02  -1.2347031e-02
   5.8905289e-03  -9.0158752e-03
   1.3879704e-02  -9.0035629e-04
   8.1442281e-03  -8.2380849e-03
   2.1400889e-02   1.5790034e-03
   2.3944539e-03  -5.8773980e-03
   3.4729801e-03  -1.0186092e-02
   5.0006052e-03  -1.6340552e-02
  -5.0537805e-03   5.1548634e-04
   8.9852032e-03   5.0122886e-03
   6.9973618e-03   7.7997780e-05
   9.8559195e-03  -6.7697910e-03
   7.8528231e-03   4.5498644e-03
   3.1659586e-04   4.1442071e-03
  -9.6975911e-03   2.3824395e-03
  -4.2347457e-04  -6.2454477e-03
  -2.1750488e-03  -3.4651365e-03
  -6.2337066e-03  -1.0238648e-03
   7.6760611e-03  -3.7986880e-03
   7.2158792e-03  -1.2241158e-02
   3.5021657e-03  -6.4230676e-03
  -1.7860469e-03  -8.1767959e-03
  -1.6819774e-04  -1.8736517e-03
   8.5939072e-03  -6.1213898e-03
   1.2895571e-02  -2.3098061e-03
  -5.4751612e-03  -1.1991026e-02
   6.9303134e-03  -1.1702657e-02
   4.9243799e-03   1.1864288e-03
   3.6677198e-03   8.0126414e-03
   1.1800531e-03   1.0769652e-03
  -4.4003198e-03   2.4696986e-03
   7.2383346e-03  -8.5428857e-04
  -9.0897245e-03   4.7067117e-03
  -2.7269629e-04  -6.9971610e-05
   4.6516557e-06   1.3994390e-02
  -5.4934901e-03   1.8065683e-02
   5.5331760e-03   5.8329248e-03
   1.2237278e-02  -2.5549754e-04
   8.8033497e-03   1.0113069e-03
   7.7192358e-03  -1.4557845e-02
  -8.6586544e-03  -6.0921056e-03
   5.5731396e-03  -1.1007718e-02
  -3.7503791e-03   2.9599754e-03
  -9.8010588e-03  -7.9052553e-03
   9.9736530e-03   9.0076941e-03
  -3.2934874e-03   9.1556052e-03
  -1.3827653e-02   1.7050123e-02
  -5.4614488e-03   2.8270859e-03
  -1.5553241e-02   7.2013477e-03
  -1.4783839e-02   7.2323691e-03
  -9.7869429e-03  -8.1131574e-03
   2.6242288e-03   1.7179111e-02
   5.1074692e-03   1.4893340e-02
   2.2776817e-03   4.4045645e-03
  -4.2968412e-03  -3.9758078e-03
   6.6448357e-03  -4.5799846e-03
   4.2871584e-03  -5.7648866e-03
   1.0600310e-02  -1.1718143e-02
   1.9154551e-02  -1.1229420e-02
   1.7096965e-02  -1.1574012e-02
   4.1085541e-03  -4.2763678e-03
  -6.4934685e-03  -2.1467285e-02
  -2.7498437e-03  -5.4394776e-03
  -2.2351155e-04   1.6925694e-03
  -1.4586715e-03  -1.0495453e-02
  -4.6262857e-03   5.4592475e-04
  -1.2049234e-02  -1.1364573e-02
   5.2090140e-03  -2.0802336e-02
  -9.7657259e-04  -1.5773413e-02
  -4.1391140e-03  -2.2764278e-02
  -1.2247425e-03  -1.1887302e-02
  -7.9220007e-03   3.2394028e-03
  -1.0089707e-02   6.9080731e-03
  -6.6546557e-03   4.4663329e-03
   1.4074761e-02  -1.6873026e-02
   2.0404348e-02  -1.5315902e-02
   9.6481302e-03  -1.6187496e-02
   1.7975545e-03  -5.1631633e-03
  -1.2334012e-02  -4.1297586e-03
  -2.4899922e-02  -1.4014325e-02
  -1.6837535e-02  -6.5287506e-03
  -1.4496984e-02  -1.8282634e-02
  -3.7798329e-03  -6.5000894e-03
  -1.1988690e-02   5.4559261e-04
  -1.8704149e-02   5.5489822e-03
  -1.6421668e-02   5.0702431e-03
  -2.2978713e-02   9.8253914e-03
  -4.4758623e-02   1.6885630e-02
  -4.6805027e-02   1.8329788e-02
  -4.8713470e-02   1.4443140e-02
  -2.7446986e-02  -1.8830378e-03
  -1.7164037e-02   4.6386329e-03
  -4.4964612e-03   9.4197570e-03
  -1.0680744e-02   8.4946036e-03
   2.6270763e-05   2.0710627e-02
  -1.0002980e-03   2.5548276e-02
  -1.1416693e-02   8.9644371e-03
   6.7039324e-03   4.0747892e-03
   1.7993539e-03  -2.4023469e-03
  -1.9490491e-03   3.7950521e-03
  -1.5502196e-02   3.5952387e-03
  -2.3859643e-02   7.2937758e-04
  -9.7931971e-03   1.0190203e-02
  -2.2728419e-02   6.6374647e-03
  -1.7602677e-02   8.2870930e-03
  -1.2418591e-02   5.1121970e-03
  -4.5557244e-03  -9.1075425e-03
   1.5626940e-03  -7.8148895e-03
  -4.9669241e-04  -1.1913791e-02
  -4.4475826e-03  -1.4769117e-02
  -1.3543405e-03  -2.3340144e-03
   5.4096924e-03  -4.2557420e-03
   9.9610563e-03  -5.8138936e-03
   1.0656946e-02  -4.4738941e-03
   1.6729654e-03  -1.6138224e-03
   1.0640552e-02  -9.6948794e-03
   1.2874874e-02  -2.7441427e-02
   2.0514126e-02  -6.7487194e-03
   1.6444561e-02   2.4855936e-02
   5.6703358e-03   2.2080162e-02
   9.2350274e-03   3.0599664e-03
   3.5409908e-03   1.3533128e-02
   1.2651116e-02   8.8713024e-03
   2.2546885e-02   6.4372826e-03
   1.1504902e-02   1.1379713e-02
  -8.8916538e-04   1.0915112e-02
   6.6597806e-03   2.4908915e-02
   3.2503848e-03   1.5778640e-02
  -2.9828148e-04   1.7796293e-02
   1.4766005e-02   7.5455508e-03
   1.5884177e-04  -2.3728349e-03
  -1.1424601e-02   5.4731186e-03
  -1.3845415e-02   3.6120853e-03
  -2.8496773e-02   5.0066929e-03
  -2.8614456e-02   1.6876669e-02
  -2.2555319e-02   6.7208937e-03
  -1.8795888e-02   7.1215272e-03
  -1.6427692e-02   1.9364733e-02
  -1.0148876e-02   5.7541208e-03
  -1.6376438e-02   5.4775956e-03
  -1.7376721e-02   2.2396805e-03
  -2.0479569e-02  -5.7623999e-03
  -1.7435134e-02  -7.2711497e-03
  -1.1119542e-02  -2.0270407e-03
  -6.0209996e-03  -5.6509530e-03
  -2.0511223e-04  -2.8953697e-03
  -4.8204432e-03   1.2473314e-02
   9.4078716e-03   1.6263056e-02
   5.6308781e-03   1.2159642e-02
   3.8527563e-04   1.4074340e-02
  -5.1074903e-03   2.9368069e-02
  -1.2768903e-02   2.6963198e-02
   7.4090697e-03   1.9256746e-02
   1.2779735e-02   1.1986855e-02
   1.3591183e-02   1.1993716e-02
   1.7517060e-02   1.1722224e-02
   2.8429340e-02   2.3267408e-02
   2.0845579e-02   3.1628300e-02
   3.9225694e-02   2.1759103e-02
   4.5773180e-02   9.8617932e-03
   3.8779213e-02   7.8133829e-03
   2.1327241e-02   1.3820195e-02
   2.5258822e-02   2.0942770e-02
   2.0274146e-02   3.3515142e-02
   2.1158213e-02   3.6772847e-02
   2.1902341e-02   5.4784049e-02
   2.4387507e-02   7.4720601e-02
   1.9731401e-02   6.9187833e-02
   1.1744402e-02   8.1706402e-02
   2.9594783e-03   9.2467575e-02
  -6.0417187e-03   8.2588462e-02
  -3.1508356e-03   1.0249344e-01
   4.1716354e-03   1.0264914e-01
   4.5757381e-03   9.6976287e-02
   5.8557228e-03   1.0903288e-01
   2.7916782e-02   1.3110461e-01
   2.8046622e-02   1.3718581e-01
   2.5086616e-02   1.4213818e-01
   1.2779813e-02   1.3902507e-01
   7.2207480e-03   1.4690405e-01
   1.3352942e-02   1.4148843e-01
   9.3329160e-03   1.4541828e-01
   8.0230148e-04   1.4998049e-01
  -2.4109058e-03   1.7046157e-01
   1.1462242e-02   1.7412088e-01
   9.9683047e-03   1.8102403e-01
   6.9780492e-03   1.6133447e-01
   6.2318573e-03   1.6044674e-01
   1.5802862e-02   1.7653006e-01
   1.9230307e-02   1.8900194e-01
   2.9103899e-02   1.8372046e-01
   3.3493248e-02   1.9174308e-01
   5.0400301e-02   1.9016551e-01
   7.0722443e-02   1.9878702e-01
   8.1689141e-02   1.9072948e-01
   8.9206462e-02   2.0041080e-01
   1.1084606e-01   2.1148113e-01
   1.3206288e-01   2.2371569e-01
   1.5971883e-01   2.3252293e-01
   1.7492489e-01   2.3573616e-01
   1.8474633e-01   2.2784212e-01
   2.1679865e-01   2.3189305e-01
   2.2079422e-01   2.3439242e-01
   2.1430540e-01   2.4798075e-01
   2.2373834e-01   2.4213029e-01
   2.2640775e-01   2.6074296e-01
   2.3392639e-01   2.6042615e-01
   2.2825526e-01   2.5907712e-01
   2.4562276e-01   2.4358002e-01
   2.6355706e-01   2.5313359e-01
   2.5829280e-01   2.4591079e-01
   2.5848272e-01   2.6009216e-01
   2.6154481e-01   2.7588466e-01
   2.6721289e-01   2.6470416e-01
   2.6305281e-01   2.7376865e-01
   2.7242910e-01   2.7479155e-01
   2.7389817e-01   2.7234301e-01
   2.7564238e-01   2.9072957e-01
   2.9448400e-01   2.9215052e-01
   2.8366691e-01   2.7889523e-01
   2.8257821e-01   2.7080081e-01
   2.9351085e-01   2.6319190e-01
   2.9670224e-01   2.7250236e-01
   2.9658706e-01   2.8576691e-01
   2.9671469e-01   2.8516840e-01
   2.9153125e-01   2.9289129e-01
   2.9324063e-01   2.9365743e-01
   3.1144912e-01   2.9121022e-01
   3.0846927e-01   2.8946056e-01
   3.1301612e-01   3.0080081e-01
   2.9991992e-01   2.8563244e-01
   2.9503890e-01   2.9608770e-01
   2.9939592e-01   3.0288791e-01
   3.1174925e-01   3.2157865e-01
   3.0582727e-01   3.3137629e-01
   3.2330848e-01   3.2342101e-01
   3.1589981e-01   3.1638736e-01
   3.2398627e-01   3.3283591e-01
   3.2996708e-01   3.2607148e-01
   3.3002793e-01   3.2177596e-01
   3.2081327e-01   3.2206346e-01
   3.2329853e-01   3.2601121e-01
   3.1825265e-01   3.3462048e-01
   3.2109675e-01   3.2754504e-01
   3.3409249e-01   3.2159959e-01
   3.3636913e-01   3.2672925e-01
   3.3651480e-01   3.2560539e-01
   3.4245279e-01   3.4186664e-01
   3.4035034e-01   3.4196643e-01
   3.3945123e-01   3.4555399e-01
   3.4533108e-01   3.4038988e-01
   3.4571212e-01   3.4298638e-01
   3.4976437e-01   3.5205192e-01
   3.4615357e-01   3.3886336e-01
   3.5030316e-01   3.3703677e-01
   3.4658316e-01   3.5107679e-01
   3.5449246e-01   3.6065822e-01
   3.5442960e-01   3.5090611e-01
   3.5350696e-01   3.4336178e-01
   3.4485773e-01   3.4871086e-01
   3.5213002e-01   3.6038644e-01
   3.5418316e-01   3.5733046e-01
   3.6446677e-01   3.5685354e-01
   3.7247442e-01   3.5803006e-01
   3.6304925e-01   3.7525095e-01
   3.5843174e-01   3.7376036e-01
   3.6519299e-01   3.6099634e-01
   3.6988671e-01   3.6782786e-01
   3.6982115e-01   3.6963552e-01
   3.8534404e-01   3.8528819e-01
   3.7070004e-01   3.7059346e-01
   3.8244642e-01   3.8186410e-01
   3.8286136e-01   3.8664735e-01
   3.7868225e-01   3.8751512e-01
   3.8207453e-01   3.8550968e-01
   3.7678803e-01   3.8742551e-01
   3.8442228e-01   3.8494855e-01
   3.8306730e-01   3.8994465e-01
   3.7573371e-01   3.8930938e-01
   3.8593375e-01   3.8301979e-01
   3.8527524e-01   3.9739560e-01
   3.9125934e-01   3.9127616e-01
   3.8802684e-01   3.9389137e-01
   3.8493695e-01   3.9284702e-01
   4.0750872e-01   3.9841894e-01
   3.9812806e-01   4.0866512e-01
   4.0638200e-01   4.0604562e-01
   4.0869983e-01   4.1461236e-01
   3.9902871e-01   4.1218294e-01
   4.0691505e-01   3.9693739e-01
   3.9759202e-01   4.0171276e-01
   4.1011645e-01   4.1178673e-01
   4.1194851e-01   4.1971476e-01
   4.1032629e-01   4.1704602e-01
   4.1624873e-01   4.3041543e-01
   4.1217954e-01   4.1653705e-01
   4.1208147e-01   4.2118744e-01
   4.2475575e-01   4.2690219e-01
   4.1775333e-01   4.1536430e-01
   4.2411970e-01   4.2645180e-01
   4.2105403e-01   4.2566058e-01
   4.2800563e-01   4.2540935e-01
   4.3806130e-01   4.2102118e-01
   4.3156520e-01   4.3373431e-01
   4.2763927e-01   4.3466304e-01
   4.3379679e-01   4.2418741e-01
   4.2763838e-01   4.2687824e-01
   4.3115430e-01   4.2260283e-01
   4.4116208e-01   4.4552494e-01
   4.3766773e-01   4.4358732e-01
   4.3849615e-01   4.3857378e-01
   4.4186409e-01   4.4371401e-01
   4.5537979e-01   4.4803635e-01
   4.4732984e-01   4.4308286e-01
   4.4933428e-01   4.4194663e-01
   4.4680532e-01   4.4567837e-01
   4.4447262e-01   4.5010668e-01
   4.5767011e-01   4.5068119e-01
   4.5335316e-01   4.5710431e-01
   4.5182487e-01   4.3969520e-01
   4.5526752e-01   4.5118473e-01
   4.4825735e-01   4.6434960e-01
   4.5228354e-01   4.6325570e-01
   4.5293020e-01   4.5357379e-01
   4.7003630e-01   4.6394436e-01
   4.6338054e-01   4.6725175e-01
   4.6773299e-01   4.6353602e-01
   4.6607734e-01   4.6319115e-01
   4.7368005e-01   4.6726812e-01
   4.5783140e-01   4.6240939e-01
   4.6120474e-01   4.6632143e-01
   4.5779370e-01   4.6356292e-01
   4.7485005e-01   4.6222282e-01
   4.7901791e-01   4.7017569e-01
   4.7449013e-01   4.7795638e-01
   4.8003670e-01   4.7535547e-01
   4.8375221e-01   4.6872256e-01
   4.7565444e-01   4.8182531e-01
   4.7122493e-01   4.8489181e-01
   4.7847141e-01   4.8659663e-01
   4.6947724e-01   4.7805087e-01
   4.7528553e-01   4.8244808e-01
   4.7918109e-01   4.7659479e-01
   4.8286892e-01   4.7614736e-01
   4.8763379e-01   4.9289855e-01
   5.0148067e-01   4.8474473e-01
   4.9431863e-01   4.8623131e-01
   4.9805429e-01   4.8369360e-01
   4.8429175e-01   4.8844029e-01
   4.8820838e-01   5.0168115e-01
   4.8954251e-01   4.8413117e-01
   4.9703812e-01   4.9594586e-01
   4.9234646e-01   4.9465514e-01
   4.8165491e-01   4.8865385e-01
   5.0173282e-01   5.0165402e-01
   5.0153537e-01   5.0665466e-01
