   7.3250650e+05   9.4855958e-01
   7.3250662e+05   9.4626271e-01
   7.3250675e+05   9.4794927e-01
   7.3250688e+05   9.5246744e-01
   7.3250700e+05   9.5337198e-01
   7.3250712e+05   9.5178544e-01
   7.3250725e+05   9.5301511e-01
   7.3250738e+05   9.5533389e-01
   7.3250750e+05   9.5494967e-01
   7.3250762e+05   9.5466572e-01
   7.3250775e+05   9.5533701e-01
   7.3250788e+05   9.5483960e-01
   7.3250800e+05   9.5528007e-01
   7.3250812e+05   9.5510189e-01
   7.3250825e+05   9.5533583e-01
   7.3250838e+05   9.5656000e-01
   7.3250850e+05   9.5573433e-01
   7.3250862e+05   9.5615995e-01
   7.3250875e+05   9.5613989e-01
   7.3250888e+05   9.5728272e-01
   7.3250900e+05   9.5783050e-01
   7.3250912e+05   9.5601660e-01
   7.3250925e+05   9.5536257e-01
   7.3250938e+05   9.5678845e-01
   7.3250950e+05   9.5544510e-01
   7.3250962e+05   9.5201641e-01
   7.3250975e+05   9.5216525e-01
   7.3250988e+05   9.5621812e-01
   7.3251000e+05   9.5631636e-01
   7.3251012e+05   9.5250703e-01
   7.3251025e+05   9.5286921e-01
   7.3251038e+05   9.5506732e-01
   7.3251050e+05   9.5447105e-01
   7.3251062e+05   9.5147279e-01
   7.3251075e+05   9.5455847e-01
   7.3251088e+05   9.5956075e-01
   7.3251100e+05   9.5947110e-01
   7.3251112e+05   9.5708719e-01
   7.3251125e+05   9.5592986e-01
   7.3251138e+05   9.5824793e-01
   7.3251150e+05   9.5899153e-01
   7.3251162e+05   9.5783531e-01
   7.3251175e+05   9.5818111e-01
   7.3251188e+05   9.5727126e-01
   7.3251200e+05   9.5708593e-01
   7.3251212e+05   9.5479765e-01
   7.3251225e+05   9.5466587e-01
   7.3251238e+05   9.5604298e-01
   7.3251250e+05   9.5616452e-01
   7.3251262e+05   9.5377176e-01
   7.3251275e+05   9.5367693e-01
   7.3251288e+05   9.5512437e-01
   7.3251300e+05   9.5497367e-01
   7.3251312e+05   9.5297065e-01
   7.3251325e+05   9.5335316e-01
   7.3251338e+05   9.5485663e-01
   7.3251350e+05   9.5511255e-01
   7.3251362e+05   9.5288362e-01
   7.3251375e+05   9.5339880e-01
   7.3251388e+05   9.5466545e-01
   7.3251400e+05   9.5485851e-01
   7.3251412e+05   9.5207917e-01
   7.3251425e+05   9.5216437e-01
   7.3251438e+05   9.5251177e-01
   7.3251450e+05   9.5112913e-01
   7.3251462e+05   9.4950888e-01
   7.3251475e+05   9.4575794e-01
   7.3251488e+05   9.3677481e-01
   7.3251500e+05   9.4020309e-01
   7.3251512e+05   9.3464232e-01
   7.3251525e+05   9.2749428e-01
   7.3251538e+05   9.0883639e-01
   7.3251550e+05   8.9351238e-01
   7.3251562e+05   8.8127809e-01
   7.3251575e+05   8.6248127e-01
   7.3251588e+05   8.0074134e-01
   7.3251600e+05   8.0509042e-01
   7.3251612e+05   8.1892209e-01
   7.3251625e+05   8.1839145e-01
   7.3251638e+05   7.9180693e-01
   7.3251650e+05   7.6908001e-01
   7.3251662e+05   7.7148277e-01
   7.3251675e+05   7.7378170e-01
   7.3251688e+05   7.7811965e-01
   7.3251700e+05   7.8291416e-01
   7.3251712e+05   7.9717470e-01
   7.3251725e+05   8.0299875e-01
   7.3251738e+05   8.0500513e-01
   7.3251750e+05   7.9963159e-01
   7.3251762e+05   8.0553302e-01
   7.3251775e+05   8.1463000e-01
   7.3251788e+05   8.1786952e-01
   7.3251800e+05   8.1681361e-01
   7.3251812e+05   8.0846745e-01
   7.3251825e+05   8.0392476e-01
   7.3251838e+05   7.9995286e-01
   7.3251850e+05   8.0224452e-01
   7.3251862e+05   7.9212470e-01
   7.3251875e+05   7.9193533e-01
   7.3251888e+05   7.9082123e-01
   7.3251900e+05   7.8929346e-01
   7.3251912e+05   7.8489170e-01
   7.3251925e+05   7.8278700e-01
   7.3251938e+05   7.8294730e-01
   7.3251950e+05   7.8525582e-01
   7.3251962e+05   7.7875974e-01
   7.3251975e+05   7.8069060e-01
   7.3251988e+05   7.7213518e-01
   7.3252000e+05   7.7162001e-01
   7.3252012e+05   7.7562366e-01
   7.3252025e+05   7.7372633e-01
   7.3252038e+05   7.6418109e-01
   7.3252050e+05   7.4522256e-01
   7.3252062e+05   7.4662291e-01
   7.3252075e+05   7.4245155e-01
   7.3252088e+05   7.2811602e-01
   7.3252100e+05   7.3131364e-01
   7.3252112e+05   7.3573441e-01
   7.3252125e+05   7.3507720e-01
   7.3252138e+05   7.2737404e-01
   7.3252150e+05   7.1533090e-01
   7.3252162e+05   7.2349298e-01
   7.3252175e+05   7.2703824e-01
   7.3252188e+05   7.2372209e-01
   7.3252200e+05   7.2670026e-01
   7.3252212e+05   7.2049541e-01
   7.3252225e+05   7.1808417e-01
   7.3252238e+05   7.3040057e-01
   7.3252250e+05   7.2414563e-01
   7.3252262e+05   7.1671968e-01
   7.3252275e+05   7.2629864e-01
   7.3252288e+05   7.3354644e-01
   7.3252300e+05   7.3291544e-01
   7.3252312e+05   7.2574134e-01
   7.3252325e+05   7.3398095e-01
   7.3252338e+05   7.3132875e-01
   7.3252350e+05   7.1727113e-01
   7.3252362e+05   7.1779671e-01
   7.3252375e+05   7.2351371e-01
   7.3252388e+05   7.1460884e-01
   7.3252400e+05   7.1400937e-01
   7.3252412e+05   7.1826279e-01
   7.3252425e+05   7.1469027e-01
   7.3252438e+05   6.8542777e-01
   7.3252450e+05   6.6005443e-01
   7.3252462e+05   6.7665767e-01
   7.3252475e+05   6.7107584e-01
   7.3252488e+05   6.4060875e-01
   7.3252500e+05   6.2831092e-01
   7.3252512e+05   6.4680787e-01
   7.3252525e+05   6.4576697e-01
   7.3252538e+05   6.3077851e-01
   7.3252550e+05   6.2511370e-01
   7.3252562e+05   6.2091544e-01
   7.3252575e+05   6.1977432e-01
   7.3252588e+05   5.9618702e-01
   7.3252600e+05   5.9316335e-01
   7.3252612e+05   6.0980262e-01
   7.3252625e+05   6.1099679e-01
   7.3252638e+05   5.9537158e-01
   7.3252650e+05   6.0583115e-01
   7.3252662e+05   6.1814193e-01
   7.3252675e+05   6.1739869e-01
   7.3252688e+05   6.0307337e-01
   7.3252700e+05   6.1107983e-01
   7.3252712e+05   6.3390910e-01
   7.3252725e+05   6.3582254e-01
   7.3252738e+05   6.4772834e-01
   7.3252750e+05   6.6824929e-01
   7.3252762e+05   6.7803707e-01
   7.3252775e+05   6.8052566e-01
   7.3252788e+05   6.7070984e-01
   7.3252800e+05   6.8117421e-01
   7.3252812e+05   6.9206588e-01
   7.3252825e+05   6.8750320e-01
   7.3252838e+05   6.9719346e-01
   7.3252850e+05   7.0322243e-01
   7.3252862e+05   6.9462373e-01
   7.3252875e+05   6.9094987e-01
   7.3252888e+05   6.8384115e-01
   7.3252900e+05   6.7361638e-01
   7.3252912e+05   6.4664671e-01
   7.3252925e+05   6.3418114e-01
   7.3252938e+05   6.5064757e-01
   7.3252950e+05   6.4455613e-01
   7.3252962e+05   6.3365403e-01
   7.3252975e+05   6.4530064e-01
   7.3252988e+05   6.4720368e-01
   7.3253000e+05   6.3752174e-01
   7.3253012e+05   6.1234434e-01
   7.3253025e+05   6.0916802e-01
   7.3253038e+05   6.1765342e-01
   7.3253050e+05   6.1827208e-01
   7.3253062e+05   6.1379477e-01
   7.3253075e+05   6.2153229e-01
   7.3253088e+05   6.2549398e-01
   7.3253100e+05   6.2874350e-01
   7.3253112e+05   6.2945983e-01
   7.3253125e+05   6.2563319e-01
   7.3253138e+05   6.3549226e-01
   7.3253150e+05   6.3161719e-01
   7.3253162e+05   6.3110064e-01
   7.3253175e+05   6.3649439e-01
   7.3253188e+05   6.2584123e-01
   7.3253200e+05   6.3617611e-01
   7.3253212e+05   6.4206990e-01
   7.3253225e+05   6.4275677e-01
   7.3253238e+05   6.3771866e-01
   7.3253250e+05   6.3420098e-01
   7.3253262e+05   6.3132402e-01
   7.3253275e+05   6.2979142e-01
   7.3253288e+05   6.2276159e-01
   7.3253300e+05   6.2758636e-01
   7.3253312e+05   6.2358671e-01
   7.3253325e+05   6.2722845e-01
   7.3253338e+05   6.2882066e-01
   7.3253350e+05   6.2119132e-01
   7.3253362e+05   6.1627775e-01
   7.3253375e+05   6.2230885e-01
   7.3253388e+05   6.1482799e-01
   7.3253400e+05   6.1972000e-01
   7.3253412e+05   6.1430843e-01
   7.3253425e+05   6.1178116e-01
   7.3253438e+05   6.1775143e-01
   7.3253450e+05   6.1479589e-01
   7.3253462e+05   6.0958183e-01
   7.3253475e+05   6.1616965e-01
   7.3253488e+05   6.1267230e-01
   7.3253500e+05   6.1249182e-01
   7.3253512e+05   5.9713393e-01
   7.3253525e+05   5.7766223e-01
   7.3253538e+05   5.8785722e-01
   7.3253550e+05   5.8427411e-01
   7.3253562e+05   5.6809679e-01
   7.3253575e+05   5.7338185e-01
   7.3253588e+05   5.8315834e-01
   7.3253600e+05   5.9018745e-01
   7.3253612e+05   5.8024578e-01
   7.3253625e+05   5.6810460e-01
   7.3253638e+05   5.7909301e-01
   7.3253650e+05   5.7684529e-01
   7.3253662e+05   5.6712092e-01
   7.3253675e+05   5.7771651e-01
   7.3253688e+05   5.7016681e-01
   7.3253700e+05   5.7264933e-01
   7.3253712e+05   5.8133810e-01
   7.3253725e+05   5.7950987e-01
   7.3253738e+05   5.8823376e-01
   7.3253750e+05   5.9045956e-01
   7.3253762e+05   5.9300466e-01
   7.3253775e+05   5.9379493e-01
   7.3253788e+05   5.7352944e-01
   7.3253800e+05   5.8833761e-01
   7.3253812e+05   6.0079573e-01
   7.3253825e+05   6.0069255e-01
   7.3253838e+05   6.1928787e-01
   7.3253850e+05   6.1354404e-01
   7.3253862e+05   6.1474087e-01
   7.3253875e+05   6.1889489e-01
   7.3253888e+05   6.1064741e-01
   7.3253900e+05   6.2102166e-01
   7.3253912e+05   6.1995074e-01
   7.3253925e+05   6.2093531e-01
   7.3253938e+05   6.2727900e-01
   7.3253950e+05   6.1469320e-01
   7.3253962e+05   6.1240849e-01
   7.3253975e+05   6.2312661e-01
   7.3253988e+05   6.1788462e-01
   7.3254000e+05   6.1492707e-01
   7.3254012e+05   6.0986099e-01
   7.3254025e+05   6.1870235e-01
   7.3254038e+05   6.0936673e-01
   7.3254050e+05   5.8677510e-01
   7.3254062e+05   5.8056278e-01
   7.3254075e+05   5.8192343e-01
   7.3254088e+05   5.6318750e-01
   7.3254100e+05   5.6434783e-01
   7.3254112e+05   5.6866511e-01
   7.3254125e+05   5.6377719e-01
   7.3254138e+05   5.5864603e-01
   7.3254150e+05   5.6971622e-01
   7.3254162e+05   5.8875727e-01
   7.3254175e+05   5.9179988e-01
   7.3254188e+05   5.7368376e-01
   7.3254200e+05   6.0145756e-01
   7.3254212e+05   6.0969667e-01
   7.3254225e+05   5.9861515e-01
   7.3254238e+05   6.2155601e-01
   7.3254250e+05   6.3752886e-01
   7.3254262e+05   6.4343484e-01
   7.3254275e+05   6.4212935e-01
   7.3254288e+05   6.3114568e-01
   7.3254300e+05   6.3886293e-01
   7.3254312e+05   6.3959073e-01
   7.3254325e+05   6.3434051e-01
   7.3254338e+05   6.4582602e-01
   7.3254350e+05   6.4686302e-01
   7.3254362e+05   6.3712232e-01
   7.3254375e+05   6.4207467e-01
   7.3254388e+05   6.3916909e-01
   7.3254400e+05   6.3878997e-01
   7.3254412e+05   6.2363211e-01
   7.3254425e+05   6.2060603e-01
   7.3254438e+05   6.3178420e-01
   7.3254450e+05   6.3056272e-01
   7.3254462e+05   6.1555341e-01
   7.3254475e+05   6.3381684e-01
   7.3254488e+05   6.3635290e-01
   7.3254500e+05   6.4332076e-01
   7.3254512e+05   6.4048614e-01
   7.3254525e+05   6.3922231e-01
   7.3254538e+05   6.4002472e-01
   7.3254550e+05   6.3828914e-01
   7.3254562e+05   6.3863809e-01
   7.3254575e+05   6.4144656e-01
   7.3254588e+05   6.1914640e-01
   7.3254600e+05   6.2642006e-01
   7.3254612e+05   6.3718545e-01
   7.3254625e+05   6.3648359e-01
   7.3254638e+05   6.4274469e-01
   7.3254650e+05   6.6474125e-01
   7.3254662e+05   6.8834659e-01
   7.3254675e+05   6.9263692e-01
   7.3254688e+05   6.7822841e-01
   7.3254700e+05   7.0557331e-01
   7.3254712e+05   7.3236559e-01
   7.3254725e+05   7.4400134e-01
   7.3254738e+05   7.5241415e-01
   7.3254750e+05   7.8342462e-01
   7.3254762e+05   8.0027018e-01
   7.3254775e+05   8.0433645e-01
   7.3254788e+05   7.9645521e-01
   7.3254800e+05   8.0546159e-01
   7.3254812e+05   8.1673266e-01
   7.3254825e+05   8.2162818e-01
   7.3254838e+05   8.2186448e-01
   7.3254850e+05   8.4155230e-01
   7.3254862e+05   8.4864869e-01
   7.3254875e+05   8.4923400e-01
   7.3254888e+05   8.4173771e-01
   7.3254900e+05   8.4836151e-01
   7.3254912e+05   8.4841487e-01
   7.3254925e+05   8.4808585e-01
   7.3254938e+05   8.5965308e-01
   7.3254950e+05   8.6181683e-01
   7.3254962e+05   8.6311058e-01
   7.3254975e+05   8.6326140e-01
   7.3254988e+05   8.5299600e-01
   7.3255000e+05   8.5620328e-01
   7.3255012e+05   8.5889995e-01
   7.3255025e+05   8.5074677e-01
   7.3255038e+05   8.4757420e-01
   7.3255050e+05   8.5328454e-01
   7.3255062e+05   8.6628197e-01
   7.3255075e+05   8.5648341e-01
   7.3255088e+05   8.4127041e-01
   7.3255100e+05   8.4916377e-01
   7.3255112e+05   8.6903783e-01
   7.3255125e+05   8.6688386e-01
   7.3255138e+05   8.2674987e-01
   7.3255150e+05   8.6810709e-01
   7.3255162e+05   8.8645077e-01
   7.3255175e+05   8.9100588e-01
   7.3255188e+05   8.8873410e-01
   7.3255200e+05   8.9992156e-01
   7.3255212e+05   9.1222719e-01
   7.3255225e+05   9.1329556e-01
   7.3255238e+05   8.5714525e-01
   7.3255250e+05   9.0529709e-01
   7.3255262e+05   9.1799588e-01
   7.3255275e+05   9.2893634e-01
   7.3255288e+05   9.3202441e-01
   7.3255300e+05   9.3928342e-01
   7.3255312e+05   9.4639184e-01
   7.3255325e+05   9.4923100e-01
   7.3255338e+05   9.5499516e-01
   7.3255350e+05   9.5846721e-01
   7.3255362e+05   9.5876953e-01
   7.3255375e+05   9.6165530e-01
   7.3255388e+05   9.6313764e-01
   7.3255400e+05   9.6355962e-01
   7.3255412e+05   9.6336707e-01
   7.3255425e+05   9.6329592e-01
   7.3255438e+05   9.6518569e-01
   7.3255450e+05   9.6528084e-01
   7.3255462e+05   9.6384073e-01
   7.3255475e+05   9.6356609e-01
   7.3255488e+05   9.6418439e-01
   7.3255500e+05   9.6371975e-01
   7.3255512e+05   9.6143349e-01
   7.3255525e+05   9.6113102e-01
   7.3255538e+05   9.6317742e-01
   7.3255550e+05   9.6258895e-01
   7.3255562e+05   9.6010849e-01
   7.3255575e+05   9.5976998e-01
   7.3255588e+05   9.6024957e-01
   7.3255600e+05   9.5953090e-01
   7.3255612e+05   9.5510959e-01
   7.3255625e+05   9.5454977e-01
   7.3255638e+05   9.5793713e-01
   7.3255650e+05   9.5575630e-01
   7.3255662e+05   9.5122289e-01
   7.3255675e+05   9.5167532e-01
   7.3255688e+05   9.5407317e-01
   7.3255700e+05   9.5239900e-01
   7.3255712e+05   9.4593885e-01
   7.3255725e+05   9.4670594e-01
   7.3255738e+05   9.5214470e-01
   7.3255750e+05   9.4952103e-01
   7.3255762e+05   9.4566901e-01
   7.3255775e+05   9.4761748e-01
   7.3255788e+05   9.5161516e-01
   7.3255800e+05   9.4945063e-01
   7.3255812e+05   9.4471024e-01
   7.3255825e+05   9.4648852e-01
   7.3255838e+05   9.5317161e-01
   7.3255850e+05   9.5104611e-01
   7.3255862e+05   9.4850638e-01
   7.3255875e+05   9.5059420e-01
   7.3255888e+05   9.5445102e-01
   7.3255900e+05   9.5438055e-01
   7.3255912e+05   9.5252580e-01
   7.3255925e+05   9.5371955e-01
   7.3255938e+05   9.5691976e-01
   7.3255950e+05   9.5601491e-01
   7.3255962e+05   9.5397049e-01
   7.3255975e+05   9.5506769e-01
   7.3255988e+05   9.5758198e-01
   7.3256000e+05   9.5733660e-01
   7.3256012e+05   9.5521324e-01
   7.3256025e+05   9.5569292e-01
   7.3256038e+05   9.5811119e-01
   7.3256050e+05   9.5681184e-01
   7.3256062e+05   9.5475348e-01
   7.3256075e+05   9.5533546e-01
   7.3256088e+05   9.5742757e-01
   7.3256100e+05   9.5713233e-01
   7.3256112e+05   9.5448763e-01
   7.3256125e+05   9.5550821e-01
   7.3256138e+05   9.5829190e-01
   7.3256150e+05   9.5625934e-01
   7.3256162e+05   9.5420300e-01
   7.3256175e+05   9.5462034e-01
   7.3256188e+05   9.5595217e-01
   7.3256200e+05   9.5522838e-01
   7.3256212e+05   9.5246082e-01
   7.3256225e+05   9.5326489e-01
   7.3256238e+05   9.5705775e-01
   7.3256250e+05   9.5645378e-01
   7.3256262e+05   9.5468949e-01
   7.3256275e+05   9.5653110e-01
   7.3256288e+05   9.5873329e-01
   7.3256300e+05   9.5855905e-01
   7.3256312e+05   9.5775338e-01
   7.3256325e+05   9.5842457e-01
   7.3256338e+05   9.5869902e-01
   7.3256350e+05   9.5583008e-01
   7.3256362e+05   9.5533270e-01
   7.3256375e+05   9.5407176e-01
   7.3256388e+05   9.4676354e-01
   7.3256400e+05   9.4909056e-01
   7.3256412e+05   9.4765614e-01
   7.3256425e+05   9.4361966e-01
   7.3256438e+05   9.3599228e-01
   7.3256450e+05   9.2967914e-01
   7.3256462e+05   9.2750512e-01
   7.3256475e+05   9.1955095e-01
   7.3256488e+05   8.6743606e-01
   7.3256500e+05   8.9551192e-01
   7.3256512e+05   8.8977902e-01
   7.3256525e+05   8.8308673e-01
   7.3256538e+05   8.5867693e-01
   7.3256550e+05   8.4054056e-01
   7.3256562e+05   8.3770818e-01
   7.3256575e+05   8.1986007e-01
   7.3256588e+05   8.0161998e-01
   7.3256600e+05   7.8922288e-01
   7.3256612e+05   7.6594832e-01
   7.3256625e+05   7.6781736e-01
   7.3256638e+05   7.3739008e-01
   7.3256650e+05   7.0408219e-01
   7.3256662e+05   6.8396886e-01
   7.3256675e+05   6.8163000e-01
   7.3256688e+05   6.5899982e-01
   7.3256700e+05   6.6398740e-01
   7.3256712e+05   6.5860761e-01
   7.3256725e+05   6.7027058e-01
   7.3256738e+05   6.5594948e-01
   7.3256750e+05   6.5741769e-01
   7.3256762e+05   6.6287377e-01
   7.3256775e+05   6.7762933e-01
   7.3256788e+05   6.7783618e-01
   7.3256800e+05   6.8326715e-01
   7.3256812e+05   6.8369833e-01
   7.3256825e+05   6.9079323e-01
   7.3256838e+05   6.8291146e-01
   7.3256850e+05   6.7308580e-01
   7.3256862e+05   6.7636817e-01
   7.3256875e+05   6.8587710e-01
   7.3256888e+05   6.7712617e-01
   7.3256900e+05   6.9288370e-01
   7.3256912e+05   6.9129711e-01
   7.3256925e+05   6.9692242e-01
   7.3256938e+05   6.9935350e-01
   7.3256950e+05   6.9681729e-01
   7.3256962e+05   6.9338627e-01
   7.3256975e+05   7.0576793e-01
   7.3256988e+05   7.0697105e-01
   7.3257000e+05   7.1289613e-01
   7.3257012e+05   7.0707596e-01
   7.3257025e+05   7.1375780e-01
   7.3257038e+05   7.2229883e-01
   7.3257050e+05   7.1870318e-01
   7.3257062e+05   7.1859207e-01
   7.3257075e+05   7.3326238e-01
   7.3257088e+05   7.4288091e-01
   7.3257100e+05   7.5396697e-01
   7.3257112e+05   7.4248801e-01
   7.3257125e+05   7.5573799e-01
   7.3257138e+05   7.6699066e-01
   7.3257150e+05   7.6446147e-01
   7.3257162e+05   7.5883990e-01
   7.3257175e+05   7.7226465e-01
   7.3257188e+05   7.7331718e-01
   7.3257200e+05   7.7784782e-01
   7.3257212e+05   7.7830897e-01
   7.3257225e+05   7.8345025e-01
   7.3257238e+05   7.7508169e-01
   7.3257250e+05   7.6764156e-01
   7.3257262e+05   7.6889484e-01
   7.3257275e+05   7.6940662e-01
   7.3257288e+05   7.4800731e-01
   7.3257300e+05   7.5636220e-01
   7.3257312e+05   7.6323188e-01
   7.3257325e+05   7.6148096e-01
   7.3257338e+05   7.5141739e-01
   7.3257350e+05   7.4942466e-01
   7.3257362e+05   7.5284827e-01
   7.3257375e+05   7.5032541e-01
   7.3257388e+05   7.2619002e-01
   7.3257400e+05   7.4091828e-01
   7.3257412e+05   7.4231610e-01
   7.3257425e+05   7.4172228e-01
   7.3257438e+05   7.3520228e-01
   7.3257450e+05   7.2809461e-01
   7.3257462e+05   7.2479348e-01
   7.3257475e+05   7.2796434e-01
   7.3257488e+05   7.1669277e-01
   7.3257500e+05   7.1629683e-01
   7.3257512e+05   7.1978106e-01
   7.3257525e+05   7.1786028e-01
   7.3257538e+05   7.0447613e-01
   7.3257550e+05   7.0118307e-01
   7.3257562e+05   7.0346105e-01
   7.3257575e+05   6.9300986e-01
   7.3257588e+05   6.5757328e-01
   7.3257600e+05   6.8487906e-01
   7.3257612e+05   7.1388898e-01
   7.3257625e+05   7.0859458e-01
   7.3257638e+05   6.7429773e-01
   7.3257650e+05   7.4993561e-01
   7.3257662e+05   7.9006269e-01
   7.3257675e+05   8.0107249e-01
   7.3257688e+05   8.0109831e-01
   7.3257700e+05   8.3949559e-01
   7.3257712e+05   8.6972061e-01
   7.3257725e+05   8.7740937e-01
   7.3257738e+05   8.1035976e-01
   7.3257750e+05   8.7331703e-01
   7.3257762e+05   8.9053399e-01
   7.3257775e+05   9.0060004e-01
   7.3257788e+05   9.0683174e-01
   7.3257800e+05   9.2090303e-01
   7.3257812e+05   9.3183766e-01
   7.3257825e+05   9.3665598e-01
   7.3257838e+05   9.3464058e-01
   7.3257850e+05   9.4400825e-01
   7.3257862e+05   9.5104154e-01
   7.3257875e+05   9.5266732e-01
   7.3257888e+05   9.5264874e-01
   7.3257900e+05   9.5509218e-01
   7.3257912e+05   9.5564945e-01
   7.3257925e+05   9.5639897e-01
   7.3257938e+05   9.5903271e-01
   7.3257950e+05   9.5819329e-01
   7.3257962e+05   9.5662522e-01
   7.3257975e+05   9.5663103e-01
   7.3257988e+05   9.5417579e-01
   7.3258000e+05   9.5518335e-01
   7.3258012e+05   9.5222163e-01
   7.3258025e+05   9.5227584e-01
   7.3258038e+05   9.5565532e-01
   7.3258050e+05   9.5495486e-01
   7.3258062e+05   9.5215853e-01
   7.3258075e+05   9.5326650e-01
   7.3258088e+05   9.5437006e-01
   7.3258100e+05   9.5397282e-01
   7.3258112e+05   9.5120696e-01
   7.3258125e+05   9.5202704e-01
   7.3258138e+05   9.5484919e-01
   7.3258150e+05   9.5397638e-01
   7.3258162e+05   9.5159936e-01
   7.3258175e+05   9.5330963e-01
   7.3258188e+05   9.5423000e-01
   7.3258200e+05   9.5344015e-01
   7.3258212e+05   9.5067239e-01
   7.3258225e+05   9.5172368e-01
   7.3258238e+05   9.5414126e-01
   7.3258250e+05   9.5301649e-01
   7.3258262e+05   9.5030679e-01
   7.3258275e+05   9.5124210e-01
   7.3258288e+05   9.5124769e-01
   7.3258300e+05   9.4958997e-01
   7.3258312e+05   9.4698791e-01
   7.3258325e+05   9.4716197e-01
   7.3258338e+05   9.4886609e-01
   7.3258350e+05   9.4794641e-01
   7.3258362e+05   9.4303675e-01
   7.3258375e+05   9.4317923e-01
   7.3258388e+05   9.4471478e-01
   7.3258400e+05   9.4266847e-01
   7.3258412e+05   9.3725647e-01
   7.3258425e+05   9.3853267e-01
   7.3258438e+05   9.4269825e-01
   7.3258450e+05   9.4128436e-01
   7.3258462e+05   9.3737147e-01
   7.3258475e+05   9.3967776e-01
   7.3258488e+05   9.4260789e-01
   7.3258500e+05   9.4076154e-01
   7.3258512e+05   9.3719315e-01
   7.3258525e+05   9.3814093e-01
   7.3258538e+05   9.4208538e-01
   7.3258550e+05   9.4147245e-01
   7.3258562e+05   9.3826709e-01
   7.3258575e+05   9.3946604e-01
   7.3258588e+05   9.4034214e-01
