   7.3250512e+05   8.4959641e+03   2.8215042e+04
   7.3250525e+05   1.0230962e+04   3.2862156e+04
   7.3250538e+05   1.2361832e+04   1.6082077e+04
   7.3250550e+05   1.3123285e+04   9.5120962e+03
   7.3250562e+05   1.8533568e+04   3.0078392e+03
   7.3250575e+05   1.8561993e+04   4.2384000e+03
   7.3250588e+05   1.4013882e+04   1.9247826e+03
   7.3250600e+05   1.2432416e+04   4.2846784e+03
   7.3250612e+05   1.5835097e+04   1.4937019e+04
   7.3250625e+05   1.4388004e+04   2.0718173e+04
   7.3250638e+05   1.2321459e+04   6.4386838e+03
   7.3250650e+05   1.1838406e+04  -8.9644283e+02
   7.3250662e+05   1.5362127e+04  -9.8226184e+03
   7.3250675e+05   1.4099434e+04  -1.4706228e+04
   7.3250688e+05   6.3833858e+03  -1.4596448e+04
   7.3250700e+05   3.6748944e+03  -8.8138576e+03
   7.3250712e+05   6.7339989e+03   2.1265869e+03
   7.3250725e+05   5.2180904e+03   6.8353835e+03
   7.3250738e+05   1.2776015e+03  -8.5365260e+02
   7.3250750e+05   3.0261643e+03   4.8129362e+02
   7.3250762e+05   5.5706018e+03   1.6387356e+02
   7.3250775e+05   3.0195832e+03   3.6975708e+03
   7.3250788e+05  -3.5103241e+03   1.9181077e+03
   7.3250800e+05  -5.4697824e+03   1.0879877e+03
   7.3250812e+05  -6.6576665e+02   1.3537465e+04
   7.3250825e+05  -8.1612917e+02   2.2264102e+04
   7.3250838e+05  -1.4951398e+03   2.4310749e+04
   7.3250850e+05   2.2736726e+03   1.9152443e+04
   7.3250862e+05   5.0324205e+03   1.9039263e+04
   7.3250875e+05   5.0826292e+03   2.0595871e+04
   7.3250888e+05  -1.0956809e+03   1.4163094e+04
   7.3250900e+05  -6.3972475e+02   1.5324686e+04
   7.3250912e+05   5.4754875e+03   2.7769288e+04
   7.3250925e+05   6.3163317e+03   3.2852556e+04
   7.3250938e+05   6.1872863e+03   2.4200738e+04
   7.3250950e+05   9.9778339e+03   1.9763478e+04
   7.3250962e+05   1.5318667e+04   2.0871544e+04
   7.3250975e+05   1.5552188e+04   2.2328385e+04
   7.3250988e+05   8.0192986e+03   1.9210775e+04
   7.3251000e+05   6.3875504e+03   2.1255601e+04
   7.3251012e+05   1.0490489e+04   2.8080494e+04
   7.3251025e+05   1.1876374e+04   3.0140041e+04
   7.3251038e+05   1.1785389e+04   2.4901581e+04
   7.3251050e+05   1.2912790e+04   2.5991356e+04
   7.3251062e+05   1.5986601e+04   2.6844102e+04
   7.3251075e+05   1.2083334e+04   3.1030507e+04
   7.3251088e+05   4.8801802e+03   3.7527847e+04
   7.3251100e+05   1.6599765e+03   3.9820826e+04
   7.3251112e+05   5.7345178e+03   4.3574299e+04
   7.3251125e+05   6.9933036e+03   4.2595071e+04
   7.3251138e+05  -2.8179717e+03   2.7175232e+04
   7.3251150e+05   7.9343531e+02   4.1793213e+04
   7.3251162e+05   5.5240378e+03   4.7590133e+04
   7.3251175e+05   4.1542678e+03   4.8591916e+04
   7.3251188e+05  -4.3391570e+03   4.7034778e+04
   7.3251200e+05  -5.4324666e+03   4.7556257e+04
   7.3251212e+05   3.5036826e+03   4.1643732e+04
   7.3251225e+05   3.1813956e+03   3.8321817e+04
   7.3251238e+05  -1.1893343e+03   2.8163637e+04
   7.3251250e+05  -9.1582834e+01   2.8565197e+04
   7.3251262e+05   6.8431131e+03   3.0402529e+04
   7.3251275e+05   7.3430790e+03   2.9958017e+04
   7.3251288e+05   4.5720618e+02   2.5558726e+04
   7.3251300e+05   1.8232121e+03   2.1019314e+04
   7.3251312e+05   6.6139382e+03   2.4798511e+04
   7.3251325e+05   5.4596196e+03   2.5957038e+04
   7.3251338e+05   3.9736780e+03   2.3334322e+04
   7.3251350e+05   4.6737047e+03   2.9030720e+04
   7.3251362e+05   1.0184701e+04   2.8116694e+04
   7.3251375e+05   9.9098011e+03   2.2146950e+04
   7.3251388e+05   4.2590842e+03   1.2313667e+04
   7.3251400e+05   3.8869539e+03   1.2311990e+04
   7.3251412e+05   1.0866421e+04   2.2455550e+04
   7.3251425e+05   1.1549700e+04   2.5536731e+04
   7.3251438e+05   9.0559160e+03   1.3239003e+04
   7.3251450e+05   9.1688576e+03   1.0824584e+04
   7.3251462e+05   1.3205794e+04   8.5879411e+03
   7.3251475e+05   1.5744260e+04   7.1536954e+03
   7.3251488e+05   1.0614002e+04   5.9296140e+03
   7.3251500e+05   9.0008132e+03   8.1032260e+03
   7.3251512e+05   1.2418141e+04   6.7822211e+03
   7.3251525e+05   1.0899024e+04   7.1255951e+02
   7.3251538e+05   9.2750822e+03   3.0756291e+02
   7.3251550e+05   1.1249057e+04  -5.8022152e+02
   7.3251562e+05   1.6958873e+04   1.5809640e+03
   7.3251575e+05   1.8204093e+04   4.3192884e+03
   7.3251588e+05   1.3058113e+04   8.1476687e+03
   7.3251600e+05   1.0648345e+04   7.5403573e+03
   7.3251612e+05   1.4878220e+04   6.9113594e+03
   7.3251625e+05   1.5378179e+04  -2.4683054e+02
   7.3251638e+05   1.5395880e+04  -1.2036981e+04
   7.3251650e+05   1.7521569e+04  -1.0059420e+04
   7.3251662e+05   2.2063580e+04  -7.3734165e+03
   7.3251675e+05   1.9992076e+04  -5.7725048e+03
   7.3251688e+05   1.2246507e+04  -5.6010015e+03
   7.3251700e+05   1.2133145e+04  -4.8869567e+03
   7.3251712e+05   1.4793581e+04  -5.2139045e+03
   7.3251725e+05   1.4356522e+04  -1.0007460e+04
   7.3251738e+05   1.3698432e+04  -3.1448237e+04
   7.3251750e+05   1.6634580e+04  -3.6746407e+04
   7.3251762e+05   1.9562760e+04  -3.7252708e+04
   7.3251775e+05   1.6884792e+04  -3.6424934e+04
   7.3251788e+05   1.1462365e+04  -3.3464999e+04
   7.3251800e+05   9.1789846e+03  -3.1336083e+04
   7.3251812e+05   1.1462755e+04  -2.4259131e+04
   7.3251825e+05   1.0269108e+04  -2.1606022e+04
   7.3251838e+05   2.3963801e+03  -3.0455528e+04
   7.3251850e+05   7.0075291e+03  -3.3706072e+04
   7.3251862e+05   1.2671685e+04  -2.9858946e+04
   7.3251875e+05   1.3715132e+04  -2.2851316e+04
   7.3251888e+05   6.9176560e+03  -2.1807123e+04
   7.3251900e+05   4.9991525e+03  -2.1285933e+04
   7.3251912e+05   8.1232865e+03  -1.4107013e+04
   7.3251925e+05   5.5875440e+03  -1.4336943e+04
   7.3251938e+05  -8.2056609e+02  -2.2737416e+04
   7.3251950e+05   6.0413158e+03  -2.5718299e+04
   7.3251962e+05   1.3315135e+04  -2.4475562e+04
   7.3251975e+05   1.1364514e+04  -2.0123613e+04
   7.3251988e+05   4.6710516e+03  -2.1176075e+04
   7.3252000e+05   2.8688541e+03  -2.5949715e+04
   7.3252012e+05   5.4265470e+03  -2.2951392e+04
   7.3252025e+05   4.8482671e+03  -2.0282840e+04
   7.3252038e+05   5.7235981e+03  -3.2863389e+04
   7.3252050e+05   1.0712634e+04  -3.9338359e+04
   7.3252062e+05   1.4206582e+04  -4.0238479e+04
   7.3252075e+05   1.0504870e+04  -3.8986762e+04
   7.3252088e+05   4.7930966e+03  -3.9171546e+04
   7.3252100e+05   3.4979665e+03  -3.6441585e+04
   7.3252112e+05   6.4244077e+03  -3.2762820e+04
   7.3252125e+05   6.3806013e+03  -3.7563462e+04
   7.3252138e+05   6.2183487e+03  -4.9152842e+04
   7.3252150e+05   1.1687225e+04  -5.3426729e+04
   7.3252162e+05   1.4650313e+04  -5.1360193e+04
   7.3252175e+05   1.3544489e+04  -4.7302185e+04
   7.3252188e+05   7.6230599e+03  -3.9969149e+04
   7.3252200e+05   8.6128753e+03  -3.9816058e+04
   7.3252212e+05   1.3085427e+04  -3.9417770e+04
   7.3252225e+05   1.2157792e+04  -3.5565111e+04
   7.3252238e+05   8.7475848e+03  -4.1214867e+04
   7.3252250e+05   1.3605272e+04  -4.4828099e+04
   7.3252262e+05   1.9613319e+04  -4.0724769e+04
   7.3252275e+05   1.9449328e+04  -4.1677556e+04
   7.3252288e+05   1.2320255e+04  -3.8408937e+04
   7.3252300e+05   1.2295876e+04  -3.4898379e+04
   7.3252312e+05   1.5286634e+04  -2.5215172e+04
   7.3252325e+05   1.3675522e+04  -1.5486638e+04
   7.3252338e+05   5.4769302e+03  -1.5047809e+04
   7.3252350e+05   1.3045229e+04  -2.7385823e+04
   7.3252362e+05   1.6895883e+04  -3.2973683e+04
   7.3252375e+05   1.6366108e+04  -3.5082678e+04
   7.3252388e+05   9.2882286e+03  -3.4834599e+04
   7.3252400e+05   7.9397897e+03  -2.9214002e+04
   7.3252412e+05   1.1647682e+04  -1.0072272e+04
   7.3252425e+05   1.0123684e+04   3.3077758e+03
   7.3252438e+05   3.5926900e+03   3.4610772e+03
   7.3252450e+05   7.4514715e+03  -6.1196008e+03
   7.3252462e+05   1.2907004e+04  -1.5466745e+04
   7.3252475e+05   1.2226355e+04  -1.9291495e+04
   7.3252488e+05   5.0480966e+03  -2.5156586e+04
   7.3252500e+05   3.4728827e+03  -2.0946268e+04
   7.3252512e+05   8.2737398e+03  -1.5001519e+03
   7.3252525e+05   7.2531833e+03   6.9004470e+03
   7.3252538e+05   3.0693228e+03   4.8007324e+03
   7.3252550e+05   8.5367915e+03   2.1574618e+02
   7.3252562e+05   1.5032295e+04  -6.6433444e+03
   7.3252575e+05   1.3555024e+04  -1.2175018e+04
   7.3252588e+05   5.2217281e+03  -1.6108811e+04
   7.3252600e+05   2.9718128e+03  -1.5132649e+04
   7.3252612e+05   7.4833035e+03  -3.0241619e+03
   7.3252625e+05   6.5887022e+03   6.2540016e+03
   7.3252638e+05  -7.8467857e+02   4.0051495e+03
   7.3252650e+05   5.3290551e+03  -3.1482212e+03
   7.3252662e+05   1.0652748e+04  -1.7937211e+04
   7.3252675e+05   9.1285248e+03  -2.6687654e+04
   7.3252688e+05   1.6629229e+03  -2.6035248e+04
   7.3252700e+05  -1.3639201e+03  -1.4001212e+04
   7.3252712e+05   2.7748662e+03  -1.0536130e+03
   7.3252725e+05   1.2389428e+03   3.1136935e+03
   7.3252738e+05  -2.0513902e+03  -4.2231502e+03
   7.3252750e+05   1.1050538e+03  -8.9220591e+03
   7.3252762e+05   5.7419968e+03  -2.0480421e+04
   7.3252775e+05   5.6080717e+03  -2.5736479e+04
   7.3252788e+05  -6.7602407e+02  -2.6941646e+04
   7.3252800e+05  -1.7531251e+03  -1.6158844e+04
   7.3252812e+05   3.0103856e+03  -4.0159850e+03
   7.3252825e+05   3.4905705e+03   3.1069802e+02
   7.3252838e+05   2.7153443e+03  -3.1741344e+03
   7.3252850e+05   6.0051214e+03  -1.1492936e+03
   7.3252862e+05   1.2508101e+04  -9.8425107e+03
   7.3252875e+05   1.3230055e+04  -1.5635048e+04
   7.3252888e+05   7.5258137e+03  -2.0080014e+04
   7.3252900e+05   5.6538619e+03  -2.1555045e+04
   7.3252912e+05   1.1499934e+04  -5.9944420e+03
   7.3252925e+05   1.1411345e+04   5.4442648e+03
   7.3252938e+05   9.9772899e+03   3.3063507e+03
   7.3252950e+05   1.4047104e+04  -6.6130999e+03
   7.3252962e+05   1.9441853e+04  -2.2263043e+04
   7.3252975e+05   1.9308159e+04  -2.9981259e+04
   7.3252988e+05   1.0117983e+04  -2.8733034e+04
   7.3253000e+05   7.5721072e+03  -1.6949188e+04
   7.3253012e+05   1.3555312e+04   2.4763467e+03
   7.3253025e+05   1.2553990e+04   9.7093473e+03
   7.3253038e+05   9.6772068e+03  -3.6998085e+03
   7.3253050e+05   1.1431032e+04  -7.6799358e+03
   7.3253062e+05   1.5568530e+04  -1.8295820e+04
   7.3253075e+05   1.5093804e+04  -3.0336692e+04
   7.3253088e+05   8.3245001e+03  -3.6987418e+04
   7.3253100e+05   5.3441312e+03  -3.2199982e+04
   7.3253112e+05   1.0149914e+04  -1.6723304e+04
   7.3253125e+05   1.0476123e+04  -5.3932726e+03
   7.3253138e+05   8.5715461e+03  -1.2068946e+04
   7.3253150e+05   1.1502552e+04  -7.3399330e+03
   7.3253162e+05   1.5131752e+04  -1.7232344e+04
   7.3253175e+05   1.4855470e+04  -3.3835010e+04
   7.3253188e+05   8.3448981e+03  -4.3104388e+04
   7.3253200e+05   5.5568607e+03  -3.8199042e+04
   7.3253212e+05   9.7216768e+03  -2.8282976e+04
   7.3253225e+05   9.2781390e+03  -1.9212610e+04
   7.3253238e+05   2.6257335e+03  -2.4575384e+04
   7.3253250e+05   7.8756238e+03  -3.8306119e+04
   7.3253262e+05   1.1912976e+04  -5.2969708e+04
   7.3253275e+05   1.2261286e+04  -5.8592983e+04
   7.3253288e+05   6.1443009e+03  -5.2146144e+04
   7.3253300e+05   4.2553614e+03  -4.3050982e+04
   7.3253312e+05   9.4850210e+03  -3.2702035e+04
   7.3253325e+05   8.8734250e+03  -2.8537137e+04
   7.3253338e+05   6.2035591e+03  -3.6070381e+04
   7.3253350e+05   1.0626480e+04  -3.7212086e+04
   7.3253362e+05   1.5640032e+04  -3.8927232e+04
   7.3253375e+05   1.4078700e+04  -3.8410226e+04
   7.3253388e+05   6.7897332e+03  -3.5214903e+04
   7.3253400e+05   5.0538624e+03  -3.0004699e+04
   7.3253412e+05   9.7832208e+03  -2.1157853e+04
   7.3253425e+05   9.1145424e+03  -1.7381791e+04
   7.3253438e+05   6.3762715e+03  -2.6348783e+04
   7.3253450e+05   1.0990334e+04  -3.0168663e+04
   7.3253462e+05   1.5822664e+04  -2.8476284e+04
   7.3253475e+05   1.4637194e+04  -2.7445780e+04
   7.3253488e+05   6.8582320e+03  -2.0175085e+04
   7.3253500e+05   4.7992732e+03  -1.3830248e+04
   7.3253512e+05   9.2971581e+03  -1.3262496e+04
   7.3253525e+05   9.7428345e+03  -1.0784030e+04
   7.3253538e+05   6.7241242e+03  -1.5319937e+04
   7.3253550e+05   9.7360276e+03  -1.5020230e+04
   7.3253562e+05   1.5619183e+04  -1.6395365e+04
   7.3253575e+05   1.3561682e+04  -1.6164913e+04
   7.3253588e+05   7.2137388e+03  -1.2854890e+04
   7.3253600e+05   4.4448210e+03  -9.4374701e+03
   7.3253612e+05   7.7065266e+03  -3.3483476e+02
   7.3253625e+05   6.7083856e+03   4.0165969e+03
   7.3253638e+05   3.3804538e+03  -3.4257589e+03
   7.3253650e+05   9.3744042e+03  -4.0331027e+03
   7.3253662e+05   1.5610245e+04  -6.4235009e+03
   7.3253675e+05   1.4151207e+04  -6.2838401e+03
   7.3253688e+05   5.0270502e+03  -2.6200607e+03
   7.3253700e+05   1.6237388e+03   6.4388827e+03
   7.3253712e+05   5.6090202e+03   1.3685560e+04
   7.3253725e+05   4.3617266e+03   1.4027969e+04
   7.3253738e+05   8.5931455e+02   2.9819921e+02
   7.3253750e+05   5.8203270e+03  -5.6709000e+03
   7.3253762e+05   1.0344547e+04  -6.0270481e+03
   7.3253775e+05   9.6440173e+03  -3.8060667e+02
   7.3253788e+05   9.3434027e+02  -1.0701836e+03
   7.3253800e+05  -1.2577928e+03   3.2868937e+03
   7.3253812e+05   3.2615707e+03   1.1315614e+04
   7.3253825e+05   3.1190230e+03   9.9246806e+03
   7.3253838e+05   5.2415332e+03   2.7256711e+03
   7.3253850e+05   9.1466930e+03   1.4053681e+03
   7.3253862e+05   1.3115341e+04   1.3393666e+03
   7.3253875e+05   1.1684295e+04   1.2998530e+03
   7.3253888e+05   6.5262762e+03  -2.9470940e+03
   7.3253900e+05   5.6874044e+03  -3.6364755e+03
   7.3253912e+05   1.1419252e+04   4.2067373e+03
   7.3253925e+05   1.3166316e+04   1.0865827e+04
   7.3253938e+05   1.3670799e+04   4.9230694e+03
   7.3253950e+05   1.4729052e+04   5.9817919e+03
   7.3253962e+05   1.9872984e+04   3.9809769e+03
   7.3253975e+05   1.9991772e+04   2.4376618e+02
   7.3253988e+05   1.2882304e+04  -1.6276067e+03
   7.3254000e+05   1.1449511e+04   6.5481334e+02
   7.3254012e+05   1.7520019e+04   3.5447118e+03
   7.3254025e+05   1.3864273e+04   3.2344991e+03
   7.3254038e+05   1.1960071e+04  -2.0399083e+03
   7.3254050e+05   1.1557812e+04   6.0648691e+03
   7.3254062e+05   1.6286556e+04   9.7447057e+03
   7.3254075e+05   1.5721186e+04   4.7853457e+03
   7.3254088e+05   7.5197793e+03  -4.1369842e+02
   7.3254100e+05   6.4323365e+03  -4.5460218e+03
   7.3254112e+05   1.2031715e+04  -3.9496986e+03
   7.3254125e+05   8.3247665e+03  -2.2043251e+03
   7.3254138e+05   1.6574631e+03  -3.7685991e+02
   7.3254150e+05   1.8137660e+03   3.1213407e+03
   7.3254162e+05   5.3944576e+03   3.0594434e+03
   7.3254175e+05   5.3685035e+03   1.0154588e+03
   7.3254188e+05  -3.2727031e+03  -1.6128678e+03
   7.3254200e+05  -3.2580444e+03  -1.6936246e+03
   7.3254212e+05   3.1703165e+03   3.5921709e+03
   7.3254225e+05   3.0756116e+03   9.3617694e+03
   7.3254238e+05  -5.5102554e+02   6.0624468e+03
   7.3254250e+05   9.1163952e+02   9.1839452e+03
   7.3254262e+05   7.7675451e+03   2.8707911e+03
   7.3254275e+05   7.8244484e+03  -6.2818369e+00
   7.3254288e+05   8.1444325e+02  -1.3137791e+03
   7.3254300e+05   3.7109859e+02   3.0487831e+03
   7.3254312e+05   5.9030965e+03   1.0905111e+04
   7.3254325e+05   7.0522578e+03   1.6992874e+04
   7.3254338e+05   5.7641339e+03   1.2473755e+04
   7.3254350e+05   6.6972638e+03   9.9071608e+03
   7.3254362e+05   1.4582517e+04   3.1452461e+02
   7.3254375e+05   1.4644416e+04  -7.0857562e+03
   7.3254388e+05   7.0692300e+03  -5.2251277e+03
   7.3254400e+05   6.0543870e+03   3.5782743e+03
   7.3254412e+05   1.2883698e+04   1.8091431e+04
   7.3254425e+05   1.1868672e+04   2.5674109e+04
   7.3254438e+05   8.7181075e+03   1.2984293e+04
   7.3254450e+05   1.0870531e+04   1.5225214e+03
   7.3254462e+05   1.9307791e+04  -1.9573852e+03
   7.3254475e+05   1.7559701e+04  -2.2818809e+03
   7.3254488e+05   8.7508148e+03  -6.1480174e+02
   7.3254500e+05   8.5571103e+03   3.9274818e+03
   7.3254512e+05   1.2581900e+04   1.0123263e+04
   7.3254525e+05   9.1449681e+03   1.1401147e+04
   7.3254538e+05   4.0448258e+03   2.5319274e+03
   7.3254550e+05   8.0185058e+03  -5.4197645e+03
   7.3254562e+05   1.3005717e+04  -1.0220661e+04
   7.3254575e+05   1.1231371e+04  -1.4903786e+04
   7.3254588e+05   7.0674887e+02  -1.7134983e+04
   7.3254600e+05  -2.4356024e+03  -1.1918833e+04
   7.3254612e+05   2.3912177e+03  -6.2050267e+03
   7.3254625e+05   1.5117541e+02  -4.3168809e+03
   7.3254638e+05  -5.9101104e+03  -1.5009133e+04
   7.3254650e+05  -5.4523507e+03  -1.5615039e+04
   7.3254662e+05  -4.8464640e+02  -2.1236978e+04
   7.3254675e+05  -2.3330007e+03  -2.4065356e+04
   7.3254688e+05  -1.1302080e+04  -2.3604537e+04
   7.3254700e+05  -1.2520966e+04  -1.6382331e+04
   7.3254712e+05  -8.6981825e+03  -9.9588461e+03
   7.3254725e+05  -9.3809603e+03  -4.8395338e+03
   7.3254738e+05  -1.5429963e+04  -1.2619226e+04
   7.3254750e+05  -9.7390585e+03  -1.4756665e+04
   7.3254762e+05  -4.9915904e+03  -1.9569728e+04
   7.3254775e+05  -5.1589094e+03  -2.3323847e+04
   7.3254788e+05  -1.1826970e+04  -3.0413138e+04
   7.3254800e+05  -1.2654623e+04  -2.6807461e+04
   7.3254812e+05  -8.9255554e+03  -1.0708945e+04
   7.3254825e+05  -9.9320646e+03   1.1872818e+03
   7.3254838e+05  -1.5702261e+04  -9.3241839e+03
   7.3254850e+05  -8.2010792e+03  -1.2607246e+04
   7.3254862e+05  -9.9361707e+02  -1.7628920e+04
   7.3254875e+05  -1.6369754e+03  -2.4285612e+04
   7.3254888e+05  -8.3330671e+03  -3.6568172e+04
   7.3254900e+05  -6.3304296e+03  -2.5720675e+04
   7.3254912e+05  -1.7304277e+03  -9.8727994e+03
   7.3254925e+05  -2.6223525e+03  -2.4106097e+03
   7.3254938e+05  -2.5085798e+03  -1.4210655e+04
   7.3254950e+05   8.0077735e+02  -1.3843277e+04
   7.3254962e+05   3.8784044e+03  -2.7777353e+04
   7.3254975e+05   3.1783187e+03  -2.8343127e+04
   7.3254988e+05  -5.9537774e+03  -3.0847811e+04
   7.3255000e+05  -6.6123945e+03  -2.8508017e+04
   7.3255012e+05  -3.9386472e+03  -2.4498864e+04
   7.3255025e+05  -1.0318899e+04  -2.2984165e+04
   7.3255038e+05  -1.7174806e+04  -2.9366789e+04
   7.3255050e+05  -1.8090314e+04  -3.9837214e+04
   7.3255062e+05  -1.5844436e+04  -3.7715327e+04
   7.3255075e+05  -2.3120592e+04  -3.3960500e+04
   7.3255088e+05  -3.3082180e+04  -2.8065987e+04
   7.3255100e+05  -3.6759265e+04  -1.7215569e+04
   7.3255112e+05  -3.3871295e+04  -1.5312169e+03
   7.3255125e+05  -4.0416683e+04   5.7674672e+03
   7.3255138e+05  -6.2000135e+04   4.6742452e+03
   7.3255150e+05  -5.6015798e+04   1.5294225e+04
   7.3255162e+05  -5.4344669e+04   2.2590191e+04
   7.3255175e+05  -5.8389270e+04   2.2325580e+04
   7.3255188e+05  -6.6582397e+04   1.9334106e+04
   7.3255200e+05  -6.7423619e+04   2.6123467e+04
   7.3255212e+05  -6.3886327e+04   4.1465358e+04
   7.3255225e+05  -6.8443390e+04   4.7123951e+04
   7.3255238e+05  -1.0799014e+05   5.8458085e+04
   7.3255250e+05  -8.2933713e+04   7.7160520e+04
   7.3255262e+05  -7.6462423e+04   7.6775343e+04
   7.3255275e+05  -7.1477110e+04   7.4299556e+04
   7.3255288e+05  -7.3343063e+04   7.1620505e+04
   7.3255300e+05  -6.8468160e+04   7.0761185e+04
   7.3255312e+05  -5.7567888e+04   7.2351449e+04
   7.3255325e+05  -5.4625940e+04   7.5226009e+04
   7.3255338e+05  -5.0433245e+04   8.8938176e+04
   7.3255350e+05  -4.3603194e+04   6.7102754e+04
   7.3255362e+05  -3.8915505e+04   6.3812373e+04
   7.3255375e+05  -3.0610650e+04   4.6083436e+04
   7.3255388e+05  -3.2278542e+04   3.0960018e+04
   7.3255400e+05  -3.0015824e+04   2.9706535e+04
   7.3255412e+05  -2.4609244e+04   3.6383965e+04
   7.3255425e+05  -2.3378114e+04   3.5830759e+04
   7.3255438e+05  -2.5685154e+04   1.9195088e+04
   7.3255450e+05  -1.7157454e+04   1.3619631e+04
   7.3255462e+05  -1.1790521e+04   1.1696681e+04
   7.3255475e+05  -1.0482917e+04   7.4913683e+03
   7.3255488e+05  -1.6968080e+04   2.1042459e+03
   7.3255500e+05  -1.7087835e+04   3.0161654e+03
   7.3255512e+05  -1.0568240e+04   1.3242247e+04
   7.3255525e+05  -1.2285104e+04   1.6388863e+04
   7.3255538e+05  -1.5012438e+04   1.0335543e+04
   7.3255550e+05  -9.6705284e+03   3.3180880e+03
   7.3255562e+05  -3.8331768e+03   1.5245087e+02
   7.3255575e+05  -5.8246197e+03  -3.9930520e+03
   7.3255588e+05  -1.2246945e+04  -1.1780224e+04
   7.3255600e+05  -1.1530551e+04  -1.1606074e+04
   7.3255612e+05  -4.1674979e+03   1.1301435e+02
   7.3255625e+05  -5.1018660e+03   9.6787732e+03
   7.3255638e+05  -1.0338922e+04   5.6664777e+03
   7.3255650e+05  -1.1226201e+03   3.8340276e+03
   7.3255662e+05   4.9264392e+03  -2.3236023e+03
   7.3255675e+05   3.6647757e+03  -1.7435799e+04
   7.3255688e+05  -3.4032468e+03  -2.4907190e+04
   7.3255700e+05  -1.7989401e+03  -1.6854955e+04
   7.3255712e+05   4.9925661e+03  -7.1102608e+03
   7.3255725e+05   2.8490822e+03  -2.5902655e+03
   7.3255738e+05  -3.2111914e+03  -7.4755256e+03
   7.3255750e+05   3.7469592e+03  -1.0441786e+04
   7.3255762e+05   8.6149907e+03  -1.7518640e+04
   7.3255775e+05   7.3137548e+03  -2.1062517e+04
   7.3255788e+05   4.9373558e+02  -2.4838017e+04
   7.3255800e+05   2.3351246e+03  -2.2307463e+04
   7.3255812e+05   8.2888814e+03  -1.2434534e+04
   7.3255825e+05   4.7838912e+03  -9.2128797e+03
   7.3255838e+05  -4.2101884e+03  -1.1104006e+04
   7.3255850e+05   4.3634384e+03  -1.6232960e+04
   7.3255862e+05   8.1803109e+03  -1.6738586e+04
   7.3255875e+05   5.1289144e+03  -1.8632070e+04
   7.3255888e+05  -2.7442116e+03  -1.8604576e+04
   7.3255900e+05  -2.5049403e+03  -1.3440909e+04
   7.3255912e+05   5.1727515e+02  -7.0316125e+03
   7.3255925e+05  -2.0254604e+03  -6.9722464e+03
   7.3255938e+05  -6.4330447e+03  -6.4045731e+03
   7.3255950e+05  -1.8823619e+03  -1.0766462e+04
   7.3255962e+05   3.8225454e+03  -7.7150373e+03
   7.3255975e+05   1.6266616e+03  -7.1598125e+03
   7.3255988e+05  -6.5111509e+03  -5.4633029e+03
   7.3256000e+05  -6.0963894e+03   3.5119936e+03
   7.3256012e+05  -2.5828086e+02   1.1446701e+04
   7.3256025e+05  -1.6010987e+03   1.1412211e+04
   7.3256038e+05  -1.0469150e+04   5.5989131e+03
   7.3256050e+05  -3.8462889e+03   3.6982975e+03
   7.3256062e+05   2.4853502e+03   8.5151124e+03
   7.3256075e+05   1.9666704e+03   8.3116839e+03
   7.3256088e+05  -3.4694831e+03   3.9095538e+03
   7.3256100e+05  -2.5501493e+03   9.2336708e+03
   7.3256112e+05   3.1837518e+03   1.7185642e+04
   7.3256125e+05   2.3399331e+02   2.0465407e+04
   7.3256138e+05  -8.5760092e+03   1.5407828e+04
   7.3256150e+05  -1.2033986e+03   1.4999958e+04
   7.3256162e+05   3.4661596e+03   1.3307732e+04
   7.3256175e+05   3.3358009e+03   1.6301647e+03
   7.3256188e+05  -2.5512606e+03  -5.1490880e+02
   7.3256200e+05  -2.7582160e+03   5.8214301e+03
   7.3256212e+05   3.4456006e+03   8.0937507e+03
   7.3256225e+05   1.0879865e+03   8.2211600e+03
   7.3256238e+05  -4.2137236e+03  -3.0715852e+03
   7.3256250e+05  -9.4717815e+02  -1.5624833e+04
   7.3256262e+05   3.9207412e+03  -2.1350705e+04
   7.3256275e+05   2.8293438e+03  -2.4594075e+04
   7.3256288e+05  -3.5329608e+03  -2.0485560e+04
   7.3256300e+05  -1.9874323e+03  -1.2020481e+04
   7.3256312e+05   1.9025568e+03  -4.1373922e+03
   7.3256325e+05   7.6943226e+02  -1.2739691e+03
   7.3256338e+05  -7.9554073e+03  -1.7810792e+04
   7.3256350e+05  -4.5593812e+01  -2.0225718e+04
   7.3256362e+05   4.4335102e+03  -2.0184570e+04
   7.3256375e+05   2.7257451e+03  -2.3452086e+04
   7.3256388e+05  -3.7191923e+03  -2.5982189e+04
   7.3256400e+05  -3.6547651e+03  -1.9611047e+04
   7.3256412e+05   8.4626439e+02  -1.1974386e+04
   7.3256425e+05   6.9848698e+02  -1.1000432e+04
   7.3256438e+05  -9.0923378e+03  -2.4183501e+04
   7.3256450e+05  -2.4000467e+02  -2.7947579e+04
   7.3256462e+05   5.1096641e+03  -1.1922346e+04
   7.3256475e+05   2.5795849e+03  -1.5015181e+04
   7.3256488e+05  -4.3844836e+03  -2.1265085e+04
   7.3256500e+05  -3.3458099e+03  -1.3240378e+04
   7.3256512e+05   2.2245833e+03  -5.4698290e+03
   7.3256525e+05   1.2238468e+03  -5.1238765e+03
   7.3256538e+05  -3.4505654e+03  -1.1566961e+04
   7.3256550e+05   1.7537415e+03  -1.7773318e+04
   7.3256562e+05   9.0163519e+03  -1.2748044e+04
   7.3256575e+05   6.7736781e+03  -1.2580140e+04
   7.3256588e+05   3.7552767e+02  -1.2953383e+04
   7.3256600e+05   1.0615928e+03  -3.4441854e+03
   7.3256612e+05   6.8048528e+03   7.0931639e+03
   7.3256625e+05   6.6490854e+03   8.3846545e+03
   7.3256638e+05   4.9609971e+03  -3.0784513e+03
   7.3256650e+05   1.0371319e+04  -4.4040358e+03
   7.3256662e+05   1.7613632e+04   4.3270854e+03
   7.3256675e+05   1.5746205e+04   1.3629310e+03
   7.3256688e+05   7.6767797e+03  -2.3629643e+03
   7.3256700e+05   8.2167244e+03   8.3634353e+03
   7.3256712e+05   1.4652331e+04   1.8218336e+04
   7.3256725e+05   1.3660984e+04   1.8693375e+04
   7.3256738e+05   1.7316325e+04   4.1505665e+03
   7.3256750e+05   1.4183660e+04  -5.2655278e+03
   7.3256762e+05   2.0037522e+04  -3.4468831e+03
   7.3256775e+05   1.8249167e+04  -5.3111541e+03
   7.3256788e+05   9.5426743e+03  -8.3269593e+03
   7.3256800e+05   8.0093668e+03  -5.2010708e+03
   7.3256812e+05   1.3839646e+04   1.9231573e+03
   7.3256825e+05   1.1484138e+04   6.5505110e+03
   7.3256838e+05   8.9431363e+03  -1.5889466e+04
   7.3256850e+05   9.3974213e+03  -1.7953932e+04
   7.3256862e+05   1.5611462e+04  -1.5501912e+04
   7.3256875e+05   1.3178298e+04  -1.6313533e+04
   7.3256888e+05   5.2458923e+03  -1.4453517e+04
   7.3256900e+05   5.3349034e+03  -1.2951717e+04
   7.3256912e+05   1.1134283e+04  -9.5418538e+03
   7.3256925e+05   7.6224951e+03  -4.0660609e+03
   7.3256938e+05   5.0305510e+03  -9.9546375e+03
   7.3256950e+05   8.1697747e+03  -1.7757367e+04
   7.3256962e+05   1.5377491e+04  -2.1317503e+04
   7.3256975e+05   1.2339841e+04  -2.3778083e+04
   7.3256988e+05   4.5487089e+03  -2.6765495e+04
   7.3257000e+05   7.5173631e+03  -1.6769147e+04
   7.3257012e+05   1.3024929e+04  -9.2527940e+02
   7.3257025e+05   1.0824303e+04   5.8011485e+03
   7.3257038e+05   8.2091947e+03  -2.8060765e+02
   7.3257050e+05   1.2964812e+04  -9.0152521e+03
   7.3257062e+05   1.7633310e+04  -1.8201665e+04
   7.3257075e+05   1.5674302e+04  -1.7742824e+04
   7.3257088e+05   9.3322843e+03  -1.7244197e+04
